word1	word2	POS	SimLex999	sim10W1000S	SimLexRank	w2vRank	Spear_coef	T statistic	freedom_deg	p_value
old	new	A	1.58	0.2795853	173	173	0.533690381	19.92234907	997	7.52477E-76
smart	intelligent	A	9.2	0.25436196	979	142	0.533610955	20.12304284	997	7.35385E-75
hard	difficult	A	8.77	0.6499648	947	783	0.537439306	19.96387385	997	2.9028E-74
happy	cheerful	A	9.55	0.5667433	990.5	621	0.534405775	19.86774491	997	1.67261E-75
hard	easy	A	0.95	0.6762714	102	820	0.53256363	20.06733098	997	5.0861E-76
fast	rapid	A	8.75	0.3812637	944.5	297	0.536379879	20.15033858	997	2.21993E-75
happy	glad	A	9.17	0.5760983	973	633	0.53795744	20.0475705	997	4.407E-76
short	long	A	1.23	0.59453124	144	673	0.5360035	20.16032211	997	9.96201E-77
stupid	dumb	A	9.58	0.37423113	988	290	0.538146797	20.26378638	997	4.07655E-76
weird	strange	A	8.93	0.56970674	957	622	0.540104411	20.16575069	997	1.56252E-76
wide	narrow	A	1.03	0.5024508	114.5	504	0.538249727	20.23249151	997	1.31706E-77
bad	awful	A	8.42	0.27150312	917	162	0.539513212	20.40422377	997	1.14787E-79
easy	difficult	A	0.58	0.80370826	58	956	0.542747621	20.73188267	997	6.99886E-79
bad	terrible	A	7.78	0.6121424	859.5	705	0.548852345	20.60722887	997	3.58841E-79
hard	simple	A	1.38	0.48701555	154	468	0.546540118	20.65332604	997	3.4387E-79
smart	dumb	A	0.55	0.31707934	53	208	0.547396645	20.65626522	997	2.86578E-79
insane	crazy	A	9.57	0.4630127	980	428	0.5474512	20.66883354	997	3.07565E-79
happy	mad	A	0.95	0.2827201	99.5	173	0.547684403	20.66396018	997	5.24017E-78
large	huge	A	9.47	0.69448936	975.5	830	0.547593994	20.46806117	997	3.6165E-77
hard	tough	A	8.05	0.6206305	877.5	714	0.54394382	20.33416446	997	2.72457E-78
new	fresh	A	6.83	0.09944295	750	51	0.541431022	20.51331529	997	1.52435E-78
sharp	dull	A	0.6	0.42513004	60.5	358	0.544789798	20.55346424	997	7.90395E-79
quick	rapid	A	9.7	0.43658775	976	379	0.54553895	20.59883255	997	4.1712E-79
dumb	foolish	A	6.67	0.37413207	733	284	0.546383921	20.6429448	997	9.05477E-81
wonderful	terrific	A	8.63	0.14590153	920	69	0.547203902	20.90651097	997	3.14651E-82
strange	odd	A	9.02	0.24913527	949.5	135	0.552070496	21.13664702	997	2.09057E-82
happy	angry	A	1.28	0.4384882	143	377	0.556274197	21.16458937	997	3.57111E-83
narrow	broad	A	1.18	0.5879104	132.5	647	0.556781714	21.28520181	997	9.51171E-83
simple	easy	A	9.4	0.54788196	966	559	0.558965255	21.21836986	997	1.25305E-82
old	fresh	A	0.87	0.08333777	88.5	44	0.557756775	21.19955114	997	8.77752E-82
apparent	obvious	A	8.47	0.6120107	906.5	690	0.557415847	21.06647305	997	1.29547E-80
inexpensive	cheap	A	8.72	0.68502647	921.5	807	0.55499688	20.88191905	997	4.89266E-81
nice	generous	A	5	0.2359302	540.5	126	0.551618785	20.9487496	997	6.71379E-81
weird	normal	A	0.72	0.015818235	77	26	0.552845212	20.9270409	997	1.62526E-82
weird	odd	A	9.2	0.23253733	952.5	119	0.552447223	21.18178883	997	3.41925E-82
bad	immoral	A	7.62	0.5229923	826	513	0.557093798	21.13096419	997	1.92138E-83
sad	funny	A	0.95	0.64829385	96	750	0.556170904	21.32744711	997	2.61428E-84
wonderful	great	A	8.05	0.33019143	867	222	0.559727318	21.46318497	997	4.38917E-85
guilty	ashamed	A	6.38	0.26223004	699.5	143	0.562166306	21.58435369	997	2.09198E-84
beautiful	wonderful	A	6.5	0.6253206	711	705	0.564331192	21.47833264	997	2.30212E-84
confident	sure	A	8.27	0.48212212	886.5	444	0.56243758	21.4718274	997	7.66543E-86
dumb	dense	A	7.27	0.10905783	785.5	51	0.562321102	21.70260956	997	1.95943E-86
large	big	A	9.55	0.4164703	955	334	0.566432869	21.79489095	997	2.51094E-86
nice	cruel	A	0.67	0.18198328	65	91	0.568065282	21.7781233	997	2.13447E-86
impatient	anxious	A	6.03	0.42439422	664	345	0.567769167	21.78910637	997	2.3108E-87
big	broad	A	6.73	0.2524341	727.5	129	0.567963152	21.93923241	997	1.67899E-87
strong	proud	A	3.17	0.20717613	327	102	0.570605227	21.96077134	997	4.82791E-89
unnecessary	necessary	A	0.63	0.65996635	62	756	0.570982846	22.19961286	997	4.92382E-89
restless	young	A	1.6	0.3274831	163	207	0.575145983	22.19829143	997	6.43011E-89
dumb	intelligent	A	0.75	0.15828253	76	75	0.575123072	22.18035871	997	6.01211E-89
bad	great	A	0.35	0.3151047	12	191	0.574812015	22.18487519	997	2.52944E-89
difficult	simple	A	0.87	0.46703368	83	410	0.574890381	22.24302282	997	6.72711E-90
necessary	important	A	7.37	0.37202087	788	265	0.575897885	22.33187747	997	8.58016E-90
bad	terrific	A	0.65	0.19730948	62	97	0.577432386	22.31556311	997	7.21804E-90
mad	glad	A	1.45	0.39512724	147	291	0.577151098	22.32715483	997	7.33952E-90
honest	guilty	A	1.18	0.32561365	123	200	0.577350981	22.32603573	997	4.74714E-90
easy	tough	A	0.52	0.39818543	50	294	0.577331688	22.35524541	997	6.27924E-90
easy	flexible	A	4.1	0.53110695	426	513	0.577834933	22.33649638	997	7.03871E-92
certain	sure	A	8.42	0.14891185	880.5	67	0.577511987	22.63691753	997	8.31632E-91
essential	necessary	A	8.97	0.65260535	915.5	735	0.582654084	22.47189117	997	5.9837E-91
different	normal	A	1.08	0.40505943	108	308	0.57983803	22.49391243	997	2.12035E-91
sly	clever	A	7.25	0.39679426	767	290	0.580215015	22.56327003	997	1.01393E-90
crucial	important	A	8.82	0.5876812	904	618	0.581399923	22.45862912	997	9.96038E-91
harsh	cruel	A	8.18	0.4892094	861	436	0.579610815	22.45982026	997	2.42243E-90
childish	foolish	A	5.5	0.56639975	589.5	573	0.579631228	22.40032063	997	1.88528E-89
scarce	rare	A	9.17	0.62048805	921.5	673	0.578610228	22.26275174	997	1.90849E-89
friendly	generous	A	5.9	0.44642666	634	368	0.576239127	22.26193066	997	1.89357E-89
fragile	frigid	A	2.38	0.36329117	228	252	0.576224931	22.26245718	997	2.09837E-89
long	narrow	A	3.57	0.45244423	359.5	378	0.576234034	22.25556464	997	1.25706E-89
big	heavy	A	6.18	0.4039192	663	302	0.57611485	22.28994737	997	1.24546E-89
rough	frigid	A	2.47	0.28505877	237	159	0.576709023	22.29056942	997	1.44976E-88
bizarre	strange	A	9.37	0.6492512	924	720	0.576719764	22.12570592	997	2.02182E-88
illegal	immoral	A	4.28	0.50575215	443.5	464	0.573862483	22.1033343	997	1.69558E-88
bad	guilty	A	4.2	0.36003447	434.5	248	0.573473132	22.1151717	997	2.66021E-89
modern	ancient	A	0.73	0.56045896	72	549	0.573679196	22.23963872	997	4.25046E-89
new	ancient	A	0.23	0.04046754	1.5	31	0.575839322	22.20816962	997	3.96974E-90
dull	funny	A	0.55	0.57927734	49.5	587	0.57529431	22.36723057	997	3.40528E-90
happy	young	A	2	0.41876096	190.5	317	0.578041231	22.37750716	997	2.99997E-90
easy	big	A	1.12	0.35780644	107.5	245	0.578218031	22.3859972	997	3.82582E-90
great	awful	A	1.17	0.03969076	113	30	0.578364035	22.36970497	997	9.71539E-91
tiny	huge	A	0.6	0.5038231	56	456	0.578083808	22.4614868	997	2.62417E-92
polite	proper	A	7.63	0.19201355	795	90	0.579659787	22.70274811	997	2.05809E-92
modest	ashamed	A	2.65	0.08055968	253.5	39	0.583771617	22.71895106	997	6.3944E-93
exotic	rare	A	8.05	0.42081365	829.5	319	0.584046168	22.79684834	997	7.59185E-93
dumb	clever	A	1.17	0.23615386	111.5	114	0.585363309	22.78541473	997	5.43871E-94
delightful	wonderful	A	8.65	0.3446917	870.5	225	0.585170271	22.96080915	997	3.41941E-93
noticeable	obvious	A	8.48	0.6152738	861.5	644	0.588120594	22.83852737	997	7.33122E-93
afraid	anxious	A	5.07	0.70289665	517	780	0.58606615	22.78774169	997	9.84001E-93
formal	proper	A	8.02	0.5126539	823.5	461	0.585209566	22.76813421	997	3.93625E-92
dreary	dull	A	8.25	0.58452344	842.5	586	0.584878329	22.67570252	997	3.39969E-93
delightful	cheerful	A	6.58	0.25304124	685	120	0.583312894	22.83891244	997	2.82299E-94
unhappy	mad	A	5.95	0.1596454	625.5	73	0.586072637	23.00437543	997	6.5698E-94
sad	terrible	A	5.4	0.56666064	558.5	554	0.588849809	22.94825167	997	6.7231E-94
sick	crazy	A	3.57	0.40472615	349	292	0.587910139	22.94671847	997	1.59543E-94
violent	angry	A	6.98	0.36376345	713	241	0.587884436	23.04226808	997	2.35154E-95
laden	heavy	A	5.9	0.26382124	616.5	129	0.589482892	23.16926951	997	2.68503E-95
dirty	cheap	A	1.6	0.22372249	147.5	100	0.591596838	23.16047922	997	1.15321E-94
elastic	flexible	A	7.78	0.59125274	800	594	0.591450914	23.06381357	997	5.8541E-95
hard	dense	A	5.9	0.39455873	615	272	0.589842374	23.10879689	997	1.1406E-96
recent	new	A	7.05	0.08064297	716.5	39	0.590591784	23.36957613	997	4.58136E-97
bold	proud	A	3.97	0.16743954	397	75	0.594906317	23.42985585	997	4.81027E-97
sly	strange	A	1.97	0.3103507	180.5	173.5	0.595896385	23.42663471	997	5.02866E-97
strange	sly	A	2.07	0.3103507	187	173	0.595843548	23.42370146	997	7.83015E-97
dumb	rare	A	0.48	0.007193588	38.5	24	0.595795426	23.39444018	997	6.5741E-97
sly	tough	A	0.58	0.35111764	51.5	223	0.595315027	23.40599478	997	6.84792E-97
terrific	mad	A	0.4	0.29654768	20	159	0.595504802	23.40329817	997	2.79109E-97
modest	flexible	A	0.98	0.48176005	88.5	395	0.595460521	23.46258682	997	3.80716E-97
fresh	wide	A	0.4	0.19487382	19.5	86	0.596432841	23.44208366	997	6.23199E-97
huge	dumb	A	0.48	-0.1247472	36	3	0.596096891	23.40952624	997	7.32214E-97
large	flexible	A	0.48	0.2697526	35.5	131	0.595562783	23.3988733	997	1.20576E-96
dirty	narrow	A	0.3	0.061288297	6	29	0.595387849	23.36590313	997	4.1135E-98
wife	husband	N	2.3	0.7989744	194.5	855	0.594845902	23.58893048	997	8.37718E-98
book	text	N	6.35	0.5421542	646.5	487	0.598496119	23.54202214	997	5.83104E-98
groom	bride	N	3.17	0.5774038	293.5	550	0.597731459	23.56592129	997	8.0234E-99
night	day	N	1.88	0.62679356	161.5	638	0.598121246	23.69663212	997	1.4576E-100
south	north	N	2.2	0.9599197	184	884	0.600245608	23.9601787	997	1.3278E-100
plane	airport	N	3.65	0.3673785	344	231	0.604490525	23.96629881	997	3.8513E-100
uncle	aunt	N	5.5	0.8371421	555	869	0.604588495	23.89636228	997	2.7718E-99
horse	mare	N	8.33	0.6300282	823	644	0.603467327	23.766595	997	6.5378E-101
bottom	top	N	0.7	0.65697104	61	683	0.601377479	24.01280131	997	1.0053E-101
friend	buddy	N	8.78	0.4265526	846	300	0.605332004	24.13557358	997	4.0708E-101
student	pupil	N	9.35	0.5940487	873.5	579	0.607287367	24.04388259	997	4.0442E-101
world	globe	N	6.67	0.47954425	666.5	385	0.605828068	24.04431311	997	4.4041E-102
leg	arm	N	2.88	0.74778354	254.5	791	0.605834934	24.18964157	997	1.2375E-102
plane	jet	N	8.1	0.44071218	799	325	0.608145011	24.27274049	997	1.953E-103
woman	man	N	3.33	0.77291125	303	823	0.609459013	24.39347858	997	1.3398E-104
horse	colt	N	7.07	0.29662806	697.5	156	0.611359273	24.56842871	997	1.867E-103
actress	actor	N	7.12	0.8198699	703.5	853	0.614094111	24.39641966	997	1.6161E-102
teacher	instructor	N	9.25	0.6378641	863.5	646	0.61140543	24.25527351	997	7.3956E-101
movie	film	N	8.87	0.87005544	846	865	0.609183232	24.00471147	997	1.6923E-101
bird	hawk	N	7.85	0.4272927	779	300	0.605202772	24.10143964	997	1.9232E-101
word	dictionary	N	3.68	0.4818512	344	385	0.606744828	24.09305664	997	2.7305E-101
money	salary	N	7.88	0.5261142	780	456	0.606611455	24.07007366	997	2.8188E-103
dog	cat	N	1.75	0.82670224	152.5	850	0.606245535	24.36949519	997	1.0395E-101
area	region	N	9.47	0.7577137	862	801	0.610982644	24.13337976	997	7.5127E-101
navy	army	N	6.43	0.69571614	641.5	724	0.607252523	24.00368065	997	3.8685E-101
book	literature	N	7.53	0.45637766	744.5	350	0.605186302	24.04722591	997	3.637E-101
clothes	closet	N	3.27	0.5124952	295	432	0.605881385	24.05127407	997	1.0088E-102
sunset	sunrise	N	2.47	0.8309349	212.5	848	0.605945933	24.28611369	997	5.5316E-103
child	adult	N	2.98	0.57315737	262	535	0.609670009	24.32541476	997	2.512E-103
cow	cattle	N	9.52	0.48804384	857	392	0.610289333	24.37702723	997	1.0193E-102
book	story	N	5.63	0.6588793	562	673	0.61110097	24.28543557	997	2.7902E-104
winter	summer	N	2.38	0.7874597	203.5	823	0.609659313	24.52056056	997	2.7835E-104
taxi	cab	N	9.2	0.5239362	850	446	0.613348017	24.52071693	997	3.224E-104
tree	maple	N	5.53	0.46810588	547.5	363	0.613350457	24.51112752	997	2.1354E-104
bed	bedroom	N	3.4	0.59521794	304.5	570	0.613200796	24.53801734	997	3.8684E-103
roof	ceiling	N	7.58	0.72893906	739	761	0.613620297	24.34880153	997	7.1385E-102
disease	infection	N	7.15	0.87265927	696.5	848	0.610657342	24.15800641	997	1.116E-101
arm	shoulder	N	4.85	0.74796486	460	775	0.607643462	24.12872839	997	3.9775E-100
sheep	lamb	N	8.42	0.7657269	803	797	0.607178635	23.89424472	997	1.9362E-100
lady	gentleman	N	3.42	0.64452726	308.5	649	0.603433323	23.94153441	997	1.2764E-101
boat	anchor	N	2.25	0.6845885	185.5	704	0.604191901	24.11992815	997	1.0562E-100
priest	monk	N	6.28	0.7444898	619.5	768	0.607038797	23.98132441	997	1.1976E-100
toe	finger	N	4.68	0.74876314	432.5	772	0.604828906	23.97307527	997	2.9733E-100
river	stream	N	7.3	0.5453892	707	477	0.604696939	23.91336065	997	3.9943E-99
anger	fury	N	8.73	0.6460962	813.5	651	0.603740161	23.74255031	997	5.4901E-99
date	calendar	N	4.42	0.64751375	413.5	654	0.600988888	23.72161355	997	2.32073E-97
sea	ocean	N	8.27	0.7955916	788	813	0.600650177	23.47477272	997	1.03344E-97
second	minute	N	4.62	0.29040343	425	145	0.596632363	23.52816918	997	1.27662E-97
hand	thumb	N	3.88	0.5527153	360	484	0.597505327	23.51422449	997	5.2609E-99
wood	log	N	7.3	0.2795807	703.5	139	0.597277553	23.72442142	997	9.61581E-98
mud	dirt	N	7.32	0.7338731	706.5	754	0.600695621	23.53292432	997	5.9164E-101
hallway	corridor	N	9.28	0	833	16.5	0.597582964	24.019355	997	5.0677E-100
way	manner	N	7.62	0.6214313	729.5	608	0.605436661	23.87832804	997	5.2724E-100
mouse	cat	N	1.12	0.3181568	97	167	0.603177634	23.8757257	997	1.6637E-101
cop	sheriff	N	9.05	0.35422465	823.5	216	0.603135811	24.10255839	997	8.6511E-102
death	burial	N	4.93	0.34725952	467	208	0.606762623	24.14541452	997	5.4541E-101
music	melody	N	6.98	0.60820866	667.5	585	0.607443625	24.02469213	997	5.4534E-100
beer	alcohol	N	7.5	0.6379533	718	626	0.605521867	23.87350704	997	3.5915E-99
mouth	lip	N	7.1	0.6071926	680.5	583	0.603100151	23.74954739	997	2.42467E-98
storm	hurricane	N	6.38	0.6318105	621	622	0.601102013	23.62377521	997	1.6511E-99
tax	income	N	2.38	0.70247966	201	714	0.599063071	23.8006741	997	7.5371E-99
flower	violet	N	6.95	0.5801127	663.5	534	0.601927509	23.70074928	997	4.7994E-99
paper	cardboard	N	5.38	0.40106055	517	262	0.600312316	23.73046426	997	1.9348E-100
floor	ceiling	N	1.73	0.6783963	148.5	679	0.600793401	23.94158151	997	1.0691E-100
beach	seashore	N	8.33	0.47839662	777.5	369	0.604192656	23.98052585	997	2.8334E-101
rod	curtain	N	3.03	0.66304034	265.5	656	0.604816133	24.06764753	997	1.5311E-101
hound	fox	N	2.38	0.51536256	199.5	425	0.606206885	24.10800299	997	1.5075E-101
street	alley	N	5.48	0.44482335	527	322	0.606849214	24.10901851	997	1.9414E-101
boat	deck	N	4.28	0.6636927	397	654	0.606865363	24.0924366	997	1.8366E-101
car	horn	N	2.57	0.25853714	214.5	116	0.606601588	24.09607515	997	1.7595E-101
friend	guest	N	4.25	0.4048413	392	267	0.606659485	24.09888831	997	8.827E-102
employer	employee	N	3.65	0.6814608	326.5	677	0.606704242	24.14409553	997	1.0472E-101
hand	wrist	N	3.97	0.44972622	361.5	326	0.607422686	24.13289614	997	1.041E-101
ball	cannon	N	2.58	0.3732957	216	228	0.607244841	24.13328444	997	1.2653E-101
alcohol	brandy	N	6.98	0.49152026	653	384	0.607251009	24.12050064	997	4.4823E-100
victory	triumph	N	8.98	0.7179519	799	712	0.607047896	23.88639399	997	4.4452E-100
telephone	booth	N	3.63	0.39144522	321	248	0.60330723	23.88693984	997	1.1933E-99
door	doorway	N	5.4	0.563299	509	490	0.603315999	23.82203167	997	2.3551E-99
motel	inn	N	8.17	0.5378339	753	450	0.602271779	23.77731253	997	1.03899E-98
clothes	cloth	N	5.47	0.7004471	515.5	694	0.60155055	23.67961021	997	2.0087E-97
steak	meat	N	7.47	0.7056489	693.5	699	0.599969678	23.48430574	997	2.05221E-97
nail	thumb	N	3.55	0.55076826	310.5	466	0.596788371	23.48289109	997	5.01552E-97
band	orchestra	N	7.08	0.53692997	659.5	448	0.596765224	23.42387426	997	4.70177E-97
book	bible	N	5	0.42315194	462	287	0.595798261	23.42814193	997	2.96005E-96
business	industry	N	7.02	0.6030775	648	558	0.595868272	23.30650545	997	6.96941E-96
winter	season	N	6.27	0.5281127	593.5	438	0.593867502	23.24982914	997	6.5924E-96
decade	century	N	3.48	0.3641889	305	220	0.592931466	23.25351111	997	1.94365E-96
alcohol	gin	N	8.65	0.4493418	769	321	0.592992349	23.33433091	997	4.03111E-97
hat	coat	N	2.67	0.6522671	228	627	0.594326172	23.43830823	997	9.41857E-98
window	door	N	3.33	0.74442613	288.5	722	0.596034995	23.53429176	997	4.79262E-98
arm	wrist	N	3.57	0.673823	311.5	652	0.597605287	23.57885487	997	2.83426E-97
house	apartment	N	5.8	0.66264033	545.5	637	0.598332012	23.46157329	997	2.26297E-96
glass	crystal	N	6.27	0.65832716	588	632	0.596416242	23.32426965	997	7.72303E-96
wine	brandy	N	5.15	0.6653385	478	639	0.594160391	23.24303079	997	1.25592E-97
creator	maker	N	9.62	0.32792833	793	177	0.592819027	23.51530301	997	1.08409E-97
dinner	breakfast	N	3.33	0.560325	288	477	0.597295175	23.52501165	997	1.00646E-97
arm	muscle	N	3.72	0.3708839	323	223	0.597453764	23.52991432	997	6.8938E-101
bubble	suds	N	8.57	0	758	16	0.597533822	24.00932198	997	1.4672E-101
bread	flour	N	3.33	0.74628276	287.5	716	0.605276429	24.11079492	997	7.1569E-102
death	tragedy	N	5.8	0.3988675	541	252	0.606893609	24.15783793	997	4.5805E-104
absence	presence	N	0.4	0.64040667	18	601	0.607640789	24.48820277	997	2.8693E-103
gun	cannon	N	5.68	0.7849142	528	751	0.612842743	24.36833261	997	5.4207E-103
grass	blade	N	4.57	0.58766794	401	526	0.610964377	24.32673991	997	2.898E-104
ball	basket	N	1.67	0.6404271	142.5	600	0.610310196	24.51808558	997	3.1858E-104
hose	garden	N	1.67	0.27299014	142	128	0.613309396	24.51190689	997	3.4371E-103
boy	kid	N	7.5	0.62415904	676.5	580	0.613212962	24.35652933	997	3.4805E-103
church	choir	N	2.95	0.40552422	245.5	259	0.610778859	24.35570952	997	2.86E-103
clothes	drawer	N	3.02	0.27323502	254	128	0.610765969	24.3685446	997	1.1697E-103
tower	bell	N	1.9	0.50519574	157.5	398	0.610967708	24.42697228	997	3.4071E-105
father	parent	N	7.07	0.26814416	635	123	0.611884554	24.65771675	997	5.8585E-105
school	grade	N	4.42	0.5549051	386	455	0.615481404	24.62238036	997	1.8261E-105
parent	adult	N	5.37	0.3311088	486.5	182	0.614933055	24.69836231	997	1.9628E-105
bar	jail	N	1.9	0.2705762	157	126	0.616111037	24.69365857	997	2.0005E-105
car	highway	N	3.4	0.3968871	285	243	0.616038233	24.69241604	997	3.3888E-105
dictionary	definition	N	6.25	0.49724537	569.5	385	0.616018998	24.65806728	997	5.2673E-106
door	cellar	N	1.97	0.5898582	162	520	0.615486839	24.77933268	997	1.3702E-105
army	legion	N	5.95	0.5384862	542	433	0.617361824	24.71707141	997	1.2927E-104
metal	aluminum	N	7.25	0.6244216	642.5	569	0.61640046	24.57076575	997	5.0743E-105
chair	bench	N	6.67	0.4189611	599	269	0.614130495	24.63175067	997	2.7992E-104
cloud	fog	N	6	0.6103633	546.5	549	0.61507855	24.52035064	997	4.9479E-104
boy	son	N	6.75	0.5080772	605.5	394	0.613344742	24.48316501	997	1.8146E-103
water	ice	N	6.47	0.5644038	581.5	468	0.61276401	24.39828189	997	1.2517E-103
bed	blanket	N	3.02	0.55657744	250.5	450	0.611434653	24.42254575	997	1.1805E-101
attorney	lawyer	N	9.35	0.81237936	764	746	0.61181518	24.12504744	997	1.2929E-100
area	zone	N	8.33	0.6178317	723	555	0.60712015	23.96805096	997	2.0955E-99
business	company	N	9.02	0.6410407	753	582	0.604616538	23.7849969	997	1.1275E-99
clothes	fabric	N	5.87	0.40974823	532.5	258	0.601674588	23.82576014	997	5.7866E-100
sweater	jacket	N	7.15	0.44426402	628	301	0.602331846	23.86960951	997	4.4486E-101
money	capital	N	6.67	0.31523046	594.5	159	0.603037498	24.03806133	997	7.2263E-101
hand	foot	N	4.17	0.5501575	361.5	440	0.605735213	24.00623129	997	1.7893E-102
alcohol	cocktail	N	6.73	0.232013	596	98	0.605227054	24.24861178	997	2.3273E-102
yard	inch	N	3.78	0.542028	323	431	0.609077994	24.23140571	997	4.0701E-101
molecule	atom	N	6.45	0.8594601	575	750	0.608806033	24.04389367	997	6.2164E-101
lens	camera	N	4.28	0.6514944	370.5	590	0.605828244	24.01610897	997	5.2883E-101
meal	dinner	N	7.15	0.47238636	621.5	336	0.605384828	24.02671783	997	6.1942E-101
eye	tear	N	3.55	0.46570367	295	330	0.605554202	24.01634388	997	2.8631E-102
god	devil	N	1.8	0.6781635	152	615	0.60538858	24.2178405	997	2.3788E-102
loop	belt	N	3.1	0.5364189	257	422	0.608591468	24.22997128	997	1.3809E-103
rat	mouse	N	7.78	0.35382757	673.5	204	0.60878335	24.41612761	997	3.431E-103
motor	engine	N	8.65	0.5572462	720.5	440	0.611714566	24.35664585	997	4.9193E-102
car	cab	N	7.42	0.6484824	638.5	583	0.610780691	24.18239623	997	4.2772E-101
cat	lion	N	6.75	0.6195627	593	545	0.608030206	24.04063841	997	2.4951E-100
size	magnitude	N	6.33	0.5935273	564.5	506	0.605776323	23.92487895	997	1.9294E-100
reality	fantasy	N	1.03	0.36743125	86	212	0.603924917	23.94176559	997	9.185E-100
door	gate	N	5.25	0.7413714	465	669	0.604195606	23.83923973	997	3.7171E-99
cat	pet	N	5.95	0.5681166	531.5	467	0.602548918	23.74728524	997	4.48799E-98
tin	aluminum	N	6.42	0.6821864	565	612	0.601065444	23.58318545	997	5.75891E-98
bone	jaw	N	4.17	0.6896763	356	617	0.598402556	23.56674221	997	1.82605E-98
cereal	wheat	N	3.75	0.8523551	315.5	733	0.598134628	23.64246041	997	1.68448E-98
house	key	N	1.9	-0.15137038	154.5	2	0.599366725	23.64777785	997	2.42136E-98
blood	flesh	N	4.28	0.67866486	363	607	0.599453091	23.62386525	997	2.47487E-98
door	corridor	N	3.73	0.39845544	311	240	0.599064535	23.62242437	997	4.13954E-97
god	spirit	N	7.3	0.6665313	620	592	0.599041109	23.43655489	997	1.41557E-98
capability	competence	N	7.62	0.3133882	641	155	0.596006246	23.65923695	997	9.2829E-101
abundance	plenty	N	8.97	0.29566666	723	143	0.59963914	23.98979528	997	4.333E-103
sofa	chair	N	6.67	0.035409704	577	23	0.604964368	24.34138574	997	9.4555E-103
wall	brick	N	4.68	0.6460539	385	569	0.610540692	24.29034754	997	4.2683E-104
horn	drum	N	2.68	0.78958565	219	704	0.609736782	24.49281099	997	8.0993E-105
organ	liver	N	6.15	0.35527566	541	200	0.612914747	24.60126065	997	3.0304E-107
strength	might	N	7.07	0.13265319	597.5	45	0.614604893	24.96507287	997	2.101E-106
phrase	word	N	5.48	0.7856404	479.5	699	0.620213437	24.83915551	997	7.0685E-107
band	parade	N	3.92	0.21380816	327	86	0.618282937	24.91001293	997	2.7494E-107
stomach	waist	N	5.9	0.40278587	517.5	239	0.619370668	24.97139688	997	2.8289E-107
cloud	storm	N	5.6	0.45398164	490.5	304	0.620310098	24.96954467	997	7.8707E-107
joy	pride	N	5	0.55977595	427.5	437	0.62028179	24.90302218	997	2.4018E-108
noise	rattle	N	6.17	0.24900825	537	103	0.619263512	25.12970833	997	1.6795E-107
rain	mist	N	5.97	0.6083573	520.5	518	0.62272065	25.00342246	997	1.0847E-106
beer	beverage	N	5.42	0.8215199	470	709	0.620799165	24.88216187	997	8.8538E-107
man	uncle	N	3.92	0.36974096	326.5	204	0.618943552	24.89536812	997	6.9038E-107
apple	juice	N	2.88	0.52426326	233	391	0.619146148	24.91154573	997	7.056E-108
intelligence	logic	N	6.5	0.3362454	552.5	181	0.619394159	25.05975146	997	1.67E-109
communication	language	N	7.47	0.32259306	614	155	0.621657618	25.30259102	997	2.7274E-112
mink	fur	N	6.83	0	571.5	14.5	0.625332971	25.71771691	997	3.4466E-111
mob	crowd	N	7.85	0.6195288	645.5	523	0.631520773	25.55379143	997	5.138E-109
shore	coast	N	8.83	0.8193251	698.5	702	0.629091571	25.22974549	997	3.4142E-108
wire	cord	N	7.62	0.58485806	622.5	473	0.624234799	25.10688247	997	7.2308E-108
bird	turkey	N	6.58	0.5184621	557.5	381	0.622374177	25.05816219	997	5.1535E-109
bed	crib	N	7.3	0.3772199	601.5	206	0.621633429	25.22955046	997	6.5084E-110
competence	ability	N	7.5	0.4150118	614	244	0.624231853	25.36363821	997	3.7012E-109
cloud	haze	N	7.32	0.57854104	603	460	0.626250427	25.25101191	997	6.4011E-108
supper	meal	N	7.53	0.64228773	615	544	0.624555781	25.06607718	997	6.5959E-108
bar	cage	N	2.8	0.44285712	228	277	0.621753883	25.0641305	997	4.2891E-110
water	salt	N	1.3	0.7279349	112.5	630	0.621724261	25.39064479	997	1.3943E-110
sense	intuition	N	7.68	0.458014	623.5	298	0.626655471	25.46338269	997	1.108E-109
situation	condition	N	6.58	0.5986219	555	486	0.627743871	25.32917259	997	3.026E-109
crime	theft	N	7.53	0.5463965	611.5	409	0.625732775	25.26406751	997	9.7796E-108
style	fashion	N	8.5	0.67068046	672	568	0.624752677	25.03855301	997	4.7489E-106
boundary	border	N	9.08	0.69805837	695	588	0.621334817	24.78607759	997	9.0455E-106
arm	body	N	4.05	0.55518293	336	415	0.617465805	24.74412158	997	1.3773E-106
boat	car	N	2.37	0.6312907	186.5	531	0.616818476	24.86662633	997	1.6314E-108
sandwich	lunch	N	6.3	0.22710027	537.5	90	0.618705064	25.15480606	997	4.1596E-109
bride	princess	N	2.8	0.65373874	225.5	548	0.623101185	25.24344194	997	2.0849E-107
heroine	hero	N	8.78	0.6986829	678.5	585	0.624441561	24.9893753	997	2.6265E-107
car	gauge	N	1.13	0.17086154	96.5	67	0.620584738	24.97436763	997	3.3056E-106
insect	bee	N	6.07	0.6427991	518.5	537	0.620355495	24.80966071	997	1.3547E-108
crib	cradle	N	8.55	0.325052	666	154	0.617829113	25.16686383	997	1.33E-108
animal	person	N	3.05	0.37547502	243.5	202	0.62328385	25.16806011	997	2.0542E-109
marijuana	herb	N	6.5	0.39824557	543	223	0.623301967	25.28917393	997	6.7658E-110
bed	hospital	N	0.92	0.45304924	73	287	0.625130982	25.3611262	997	1.92E-109
cheek	tongue	N	4.52	0.62954205	365.5	520	0.626212726	25.29355188	997	1.8046E-109
disc	computer	N	3.2	0.36445835	256	196	0.625196904	25.29756989	997	3.1504E-110
curve	angle	N	3.33	0.7951175	264	663	0.625257395	25.41062243	997	9.661E-110
grass	moss	N	5	0.5523251	414	405	0.626954769	25.33805275	997	1.123E-109
school	law	N	1.13	0.25959885	95	107	0.625866229	25.32830199	997	6.954E-110
foot	head	N	2.3	0.4917273	174	333	0.625719688	25.35934898	997	8.4503E-110
mother	guardian	N	6.5	0.49174154	535.5	333	0.626186051	25.34672642	997	3.6462E-114
orthodontist	dentist	N	8.27	0	645.5	14	0.625996526	25.99608099	997	3.4916E-114
alcohol	whiskey	N	7.27	0.49585345	579	341	0.635603619	25.9988733	997	1.4995E-113
mouth	tooth	N	6.3	0.564797	526	418	0.635644307	25.90491901	997	3.8653E-113
breakfast	bacon	N	4.37	0.61120415	350	491	0.634272345	25.84384014	997	3.9441E-113
bathroom	bedroom	N	3.4	0.57820845	265.5	439	0.633377218	25.84253898	997	2.9721E-112
plate	bowl	N	5.23	0.6598334	436	535	0.633358121	25.71216624	997	4.8175E-111
meat	bacon	N	5.8	0.6998855	487.5	574	0.631438821	25.53213514	997	6.0851E-111
air	helium	N	3.63	0.4508765	284.5	280	0.628769262	25.51702603	997	3.9627E-110
worker	employer	N	5.37	0.60635287	445	481	0.628544201	25.39576988	997	1.0515E-109
body	chest	N	4.45	0.57449716	353.5	435	0.62673228	25.33256398	997	8.1773E-110
son	father	N	3.82	0.74993914	304.5	610	0.625783748	25.34885324	997	2.0228E-111
heart	surgery	N	1.08	0.6155328	91.5	489	0.626028467	25.588248	997	2.0205E-111
woman	secretary	N	1.98	0.25344315	155.5	100	0.629603719	25.58831995	997	3.0234E-111
man	father	N	4.83	0.4706692	381	302	0.629604787	25.56226245	997	1.0754E-110
beach	island	N	5.6	0.5458489	462	393	0.629217557	25.48018468	997	3.4449E-111
story	topic	N	5	0.34474477	403.5	180	0.627994762	25.55382255	997	1.3324E-111
game	fun	N	3.42	0.20129535	266	77	0.629092034	25.61523282	997	1.4832E-111
weekend	week	N	4	0.72854936	316.5	593	0.630004237	25.60830642	997	1.0229E-111
couple	pair	N	8.33	0.49957243	631.5	342	0.629901481	25.63231855	997	7.9738E-111
woman	wife	N	5.72	0.6027755	469	468	0.63025757	25.49954006	997	1.9476E-110
sheep	cattle	N	4.77	0.91301227	368	661	0.628283539	25.44175181	997	1.4423E-112
purse	bag	N	8.33	0.3434658	629	176	0.627420585	25.7588559	997	1.3466E-112
ceiling	cathedral	N	2.42	0.2948838	185	131	0.632127508	25.76328572	997	1.1126E-111
bean	coffee	N	5.15	0.7563312	417.5	607	0.632192772	25.62688353	997	9.4156E-112
wood	paper	N	2.88	0.32209504	221.5	145	0.630177006	25.63767295	997	8.3031E-112
top	side	N	1.9	0.40160772	149	217	0.630336919	25.64579809	997	1.2245E-110
crime	fraud	N	5.65	0.713489	458.5	568	0.630457292	25.47178464	997	1.1484E-109
pain	harm	N	5.38	0.6730183	432.5	533	0.627869355	25.32685543	997	2.5524E-108
lover	companion	N	5.97	0.7292221	480	585	0.625697943	25.1257634	997	1.8297E-109
evening	dusk	N	7.78	0.4146465	588	228	0.622660796	25.29667349	997	2.4431E-110
father	daughter	N	2.62	0.68962574	201	544	0.6252439	25.42708176	997	6.9861E-109
wine	liquor	N	7.85	0.6472314	590	511	0.627201148	25.20982118	997	7.012E-110
cow	goat	N	2.93	0.7619479	221.5	605	0.623933786	25.35881151	997	4.5301E-109
belief	opinion	N	7.7	0.5720452	579	422	0.626177983	25.23791037	997	2.4662E-109
reality	illusion	N	1.42	0.44067386	114	260	0.624358072	25.27732833	997	3.5687E-107
pact	agreement	N	9.02	0.7489508	638.5	588	0.624952547	24.95444529	997	4.0845E-108
wealth	poverty	N	1.27	0.55909	105	394	0.620050934	25.0952454	997	9.3754E-108
accident	emergency	N	4.93	0.4992501	387.5	335	0.622197398	25.04129397	997	8.607E-108
battle	conquest	N	7.22	0.48623	544.5	313	0.621376573	25.04684826	997	1.9302E-108
friend	teacher	N	2.62	0.6366204	198.5	494	0.621461171	25.14389387	997	7.5815E-107
illness	infection	N	6.9	0.6999362	525	549	0.622935788	24.90545661	997	4.1334E-107
game	trick	N	2.32	0.5123305	171	343	0.619300831	24.94489684	997	8.6326E-108
brother	son	N	3.48	0.84605634	260.5	634	0.619904864	25.04665499	997	8.6024E-109
aunt	nephew	N	3.1	0.8005433	232.5	621	0.621458228	25.19632363	997	4.7628E-109
worker	mechanic	N	4.92	0.38907513	378.5	204	0.62372971	25.23466256	997	1.7819E-111
doctor	orthodontist	N	5.58	0	439	13.5	0.624309042	25.59644257	997	4.4728E-110
oak	maple	N	6.03	0.70103914	472.5	547	0.629725399	25.38792892	997	3.0901E-110
bee	queen	N	3.27	0.30487022	245.5	135	0.626614761	25.41187173	997	2.1908E-110
car	bicycle	N	3.47	0.6425259	257	495	0.626973476	25.43413806	997	5.7113E-111
goal	quest	N	5.83	0.39728677	458.5	210	0.627306716	25.52112674	997	9.0881E-112
august	month	N	5.53	0.3418753	433	171	0.6286053	25.63996078	997	4.071E-112
army	squad	N	5.08	0.3906654	392	202	0.630370818	25.69184547	997	1.7241E-112
cloud	weather	N	4.87	0.3717114	371	186	0.631138615	25.74733243	997	5.3791E-111
physician	doctor	N	8.88	0.6380074	619.5	486	0.631957672	25.5250028	997	6.751E-110
canyon	valley	N	6.75	0.60040367	504.5	444	0.62866304	25.36126796	997	1.6796E-112
river	valley	N	1.67	0.86857873	133.5	624	0.626214854	25.74902068	997	1.2793E-114
sun	sky	N	2.27	0.83020514	165.5	618	0.63198256	26.06356271	997	9.6087E-115
target	arrow	N	3.25	0.3265273	241.5	147	0.636585443	26.08200048	997	1.0322E-115
chocolate	pie	N	2.27	0.6177127	165	465	0.636853166	26.22561748	997	2.2638E-118
circumstance	situation	N	7.85	0.29310542	564.5	128	0.638930669	26.61902979	997	1.5615E-118
opinion	choice	N	5.43	0.43624705	418	246	0.644550721	26.64286315	997	7.8309E-117
rhythm	melody	N	6.12	0.8864574	467.5	619	0.644887878	26.39144846	997	5.5455E-116
gut	nerve	N	4.93	0.69915825	375	529	0.641312241	26.26558757	997	4.9766E-117
day	dawn	N	5.47	0.32684568	419	146	0.639506386	26.4205817	997	5.8258E-115
cattle	beef	N	7.03	0.83152336	507	613	0.641728733	26.11422434	997	3.6693E-115
doctor	professor	N	4.65	0.38840005	338	196	0.637320515	26.1439886	997	5.4795E-116
arm	vein	N	3.65	0.10586105	267	36	0.637751568	26.26635801	997	6.848E-116
room	bath	N	3.33	0.5348355	244.5	357	0.639517473	26.25201687	997	3.7423E-114
corporation	business	N	9.02	0.6570619	606	491	0.639311038	25.99440398	997	2.9766E-114
fun	football	N	1.97	0.13553952	149.5	42	0.63557918	26.00915638	997	4.9369E-114
hill	cliff	N	4.28	0.78286654	318.5	590	0.6357941	25.97654922	997	8.357E-114
bone	ankle	N	3.82	0.48614293	281	298	0.635318865	25.94261761	997	4.9608E-114
apple	candy	N	2.08	0.48117298	155.5	292	0.634823558	25.97623784	997	9.2215E-114
helper	maid	N	5.58	0.49045792	419.5	300	0.635314323	25.93627066	997	8.8198E-114
leader	manager	N	7.27	0.49071556	515.5	300	0.634730824	25.93914207	997	2.0149E-116
lemon	tea	N	1.6	0.7823827	128	585	0.634772781	26.33069509	997	2.027E-117
bee	ant	N	2.78	0.7135569	204.5	530	0.640441876	26.4782867	997	1.2634E-116
basketball	baseball	N	4.92	0.75386417	362	558	0.642552018	26.36070242	997	3.6432E-118
rice	bean	N	2.72	0.78518003	200	584	0.640872076	26.58849099	997	6.0717E-119
bed	furniture	N	6.08	0.39194402	451	198	0.644118155	26.70346203	997	1.2776E-118
emotion	passion	N	7.72	0.52468735	539	337	0.645743444	26.65574011	997	1.9905E-117
anarchy	chaos	N	7.93	0.58881694	547	419	0.645069885	26.47945466	997	1.7022E-117
crime	violation	N	7.12	0.4798741	501	289	0.642568659	26.48950173	997	3.042E-116
machine	engine	N	5.58	0.65406436	415	480	0.642711767	26.3042065	997	7.8581E-116
beach	sea	N	4.68	0.5012256	331.5	316	0.640061621	26.2431653	997	4.2964E-116
alley	bowl	N	1.53	0.44323626	121	246	0.639183555	26.28200286	997	4.2007E-114
jar	bottle	N	7.83	0.689766	538.5	505	0.639742516	25.98695755	997	2.6619E-113
strength	capability	N	5.28	0.56549424	391	380	0.63547064	25.86790506	997	1.7939E-113
seed	mustard	N	3.48	0.6619585	246	480	0.6337302	25.89335852	997	7.5133E-114
guitar	drum	N	3.78	0.81766856	271.5	587	0.634103118	25.94947849	997	1.193E-113
opinion	idea	N	5.7	0.4743854	419	281	0.634923771	25.9196681	997	2.5957E-114
north	west	N	3.63	0.939968	256	591	0.634488115	26.01797895	997	2.9936E-114
diet	salad	N	2.98	0.4734682	212.5	278	0.635922561	26.00878942	997	1.4151E-115
mother	wife	N	3.02	0.8152662	216	584	0.635788756	26.20531595	997	8.9905E-116
dad	mother	N	3.55	0.3103188	246.5	136	0.63863784	26.2345037	997	6.6354E-115
captain	sailor	N	5	0.60072315	360	422	0.639058756	26.10584515	997	7.9675E-115
meter	yard	N	5.6	0.45389602	406.5	259	0.637199058	26.09406301	997	6.3397E-115
beer	champagne	N	4.45	0.39488328	315	197	0.637028193	26.10878076	997	6.5958E-115
motor	boat	N	2.57	0.38108185	185	186	0.637241615	26.10623071	997	6.5639E-115
card	bridge	N	1.97	0.29073268	147	122	0.637204647	26.10654282	997	4.2669E-114
science	psychology	N	4.92	0.7650277	349.5	552	0.637209172	25.98594952	997	5.7256E-115
sinner	saint	N	1.6	0.55960506	126.5	361	0.635455944	26.11534151	997	6.1769E-115
destruction	construction	N	0.98	0.26891264	81	108	0.637336705	26.11045564	997	3.4767E-117
crowd	bunch	N	7.42	0.3010084	497	128	0.637265893	26.44362629	997	1.7583E-117
beach	reef	N	3.77	0.7517423	262	535	0.64205778	26.48742093	997	4.431E-117
man	child	N	4.13	0.60270953	288.5	418	0.642682134	26.42804378	997	2.5827E-119
bread	cheese	N	1.95	0.7406248	143.5	527	0.641835321	26.75828251	997	1.839E-116
champion	winner	N	8.73	0.7837587	558	558	0.646515338	26.33657023	997	2.7448E-114
celebration	ceremony	N	7.72	0.69912654	514.5	496	0.640526153	26.01438202	997	3.9743E-115
menu	order	N	3.62	0.10520999	246.5	35	0.635870195	26.13884807	997	1.4261E-115
king	princess	N	3.27	0.67166775	228	476	0.637677165	26.20481642	997	6.2483E-114
wealth	prestige	N	6.07	0.6992396	425	495	0.638630631	25.96136332	997	9.0993E-113
endurance	strength	N	6.58	0.577101	449.5	383	0.63509729	25.78859056	997	2.7934E-110
danger	threat	N	8.78	0.70579135	555	500	0.632565325	25.41840798	997	1.0539E-109
god	priest	N	4.5	0.55886066	308	355	0.627071334	25.33241956	997	1.8423E-110
men	fraternity	N	3.13	0.014221177	221	17	0.625781578	25.445352	997	3.6694E-111
buddy	companion	N	8.65	0.45572212	547	252	0.627474414	25.54973984	997	1.9443E-112
teacher	helper	N	4.28	0.13951062	296	42	0.629031296	25.73957322	997	4.1756E-112
body	stomach	N	3.93	0.49745724	268.5	299	0.631843264	25.69020687	997	4.2208E-112
tongue	throat	N	3.1	0.5564085	216	348	0.631114395	25.68951105	997	4.4749E-112
house	carpet	N	1.38	0.27719253	110.5	108	0.63110411	25.68573496	997	1.1232E-112
intelligence	skill	N	5.35	0.35792768	373	169	0.631048287	25.77499971	997	2.8539E-112
journey	conquest	N	4.72	0.49227923	312	284	0.632365287	25.71478746	997	3.1832E-112
god	prey	N	1.23	0.24147658	101.5	89	0.631477524	25.70773454	997	3.7909E-112
brother	soul	N	0.97	0.23310031	77	84	0.631373374	25.69644975	997	9.3109E-112
adversary	opponent	N	9.05	0.5301854	550	325	0.631206661	25.6383956	997	2.5118E-112
death	catastrophe	N	4.13	0.27833304	279	108	0.630347627	25.72303536	997	1.5145E-110
monster	demon	N	6.95	0.6579565	455	451	0.631599277	25.45803129	997	1.1686E-109
day	morning	N	4.87	0.63040423	328.5	435	0.627663921	25.32572653	997	1.0567E-109
man	victor	N	1.9	0.20936553	138.5	74	0.625680972	25.33224899	997	1.0377E-109
friend	guy	N	3.88	0.39956763	259.5	185	0.625779014	25.33342328	997	2.0821E-109
song	story	N	3.97	0.4911638	264	277	0.625796662	25.28829876	997	1.7084E-111
ray	sunshine	N	6.83	0.29059982	445	112	0.625117802	25.5991687	997	2.9829E-114
guy	stud	N	5.83	0.11779284	397	37	0.629765868	26.00901968	997	1.3779E-117
chicken	rice	N	1.43	0.83074605	110.5	544	0.635792109	26.50307623	997	9.0697E-118
box	elevator	N	1.32	0.40991238	105	192	0.642905012	26.52993482	997	2.1019E-121
butter	potato	N	1.22	0.78575146	98.5	532	0.643287006	27.06650279	997	1.5019E-121
apartment	furniture	N	1.28	0.38652468	101.5	176	0.650818459	27.08801421	997	1.1679E-120
lake	swamp	N	4.92	0.6407955	324	432	0.651116468	26.95669902	997	1.6301E-124
salad	vinegar	N	1.13	0.7712601	91.5	522	0.649292598	27.52435774	997	1.239E-124
flower	bulb	N	4.48	0.4003304	291	182	0.657096775	27.541874	997	6.7027E-123
cloud	mist	N	6.67	0.64499867	429.5	434	0.657334291	27.28690616	997	4.435E-121
driver	pilot	N	6.28	0.69924825	413	469	0.653857599	27.01870224	997	4.817E-120
sugar	honey	N	5.13	0.7712092	339	518	0.650155177	26.8659249	997	5.4833E-120
body	shoulder	N	2.88	0.41526383	192	193	0.648025228	26.85762288	997	8.1387E-120
idea	image	N	3.55	0.45194638	228	234	0.647909047	26.8323127	997	7.1598E-120
father	brother	N	4.2	0.8056144	275	529	0.647554571	26.84052621	997	3.2227E-118
moon	planet	N	5.87	0.72026193	386	479	0.647669649	26.59636198	997	2.5439E-118
ball	costume	N	2.32	0.22299479	150.5	75	0.644229702	26.6115424	997	8.2708E-119
rail	fence	N	5.22	0.37418926	343.5	167	0.644444723	26.68363509	997	1.945E-120
room	bed	N	2.35	0.6756781	152.5	448	0.645463785	26.92402752	997	5.9216E-120
flower	bush	N	4.25	0.52719605	275.5	308	0.648837066	26.85269504	997	1.1838E-119
bone	knee	N	4.17	0.46936452	269.5	247	0.647840064	26.80829526	997	8.197E-121
arm	knee	N	2.75	0.6892075	184	455	0.64721781	26.97937133	997	5.4065E-121
bottom	side	N	2.63	0.52348995	178	300	0.649608303	27.00602077	997	5.259E-123
vessel	vein	N	5.15	0.15191735	334	49	0.649978958	27.30241266	997	8.2655E-125
cat	rabbit	N	2.37	0.69123495	154	453	0.654070235	27.56772076	997	3.7439E-125
meat	sandwich	N	2.35	0.50233346	152	281	0.65768441	27.61827544	997	1.5538E-124
belief	concept	N	5.08	0.51667225	322.5	290	0.658367991	27.52742205	997	1.0243E-125
intelligence	insight	N	5.9	0.33191118	376	139	0.65713834	27.7009827	997	1.8599E-124
attention	interest	N	7.22	0.5715031	436	348	0.659482824	27.51593672	997	1.8803E-124
attitude	confidence	N	4.35	0.41140318	272	186	0.656982518	27.51524068	997	4.1284E-125
right	justice	N	7.05	0.4288296	425	203	0.656973072	27.61203469	997	4.2236E-125
argument	agreement	N	1.45	0.30005825	108.5	114	0.658283694	27.61057969	997	1.534E-123
depth	magnitude	N	6.12	0.6283473	385	407	0.658264037	27.38115821	997	1.238E-124
medium	news	N	3.65	0.070911326	227.5	24	0.655147662	27.54192979	997	6.1073E-125
winner	candidate	N	2.78	0.5651238	181	332	0.657335048	27.58703863	997	8.7675E-125
birthday	date	N	5.08	0.4479605	318	221	0.657945811	27.56395688	997	2.332E-122
fee	payment	N	7.15	0.8029875	425	506	0.657633452	27.20718049	997	6.7057E-122
bible	hymn	N	5.15	0.48829105	325.5	258	0.652761894	27.1396132	997	8.5422E-123
exit	doorway	N	5.5	0.3353989	347.5	142	0.651830068	27.27140129	997	3.7507E-123
man	sentry	N	3.25	0.2587823	207	90	0.65364483	27.32401939	997	2.9468E-124
aisle	hall	N	6.35	0.36257517	389	157	0.654366264	27.48654881	997	1.9689E-122
whiskey	gin	N	6.28	0.6918002	386.5	438	0.656583426	27.21800413	997	7.0246E-123
blood	marrow	N	3.4	0.66942924	212	426	0.652910889	27.28390715	997	6.5758E-123
oil	mink	N	1.23	0	98	13	0.653816457	27.28812819	997	1.8344E-121
floor	deck	N	5.55	0.74625254	345.5	468	0.653874362	27.07521281	997	1.3917E-123
roof	floor	N	2.62	0.7965513	170	496	0.65093916	27.38738006	997	2.8042E-126
door	floor	N	1.67	0.7050954	119	444	0.655232622	27.78362317	997	3.2615E-126
shoulder	head	N	3.42	0.5606239	210.5	318	0.660592428	27.77398714	997	1.1986E-123
wagon	carriage	N	7.7	0.7223953	444.5	452	0.660463268	27.39692554	997	1.3689E-122
car	carriage	N	5.13	0.7252281	315.5	454	0.655362917	27.24124744	997	5.2196E-124
elbow	ankle	N	3.13	0.76663625	198.5	481	0.653230593	27.45003354	997	6.7447E-124
wealth	fame	N	4.02	0.41961867	246	187	0.656086775	27.43365799	997	2.391E-123
sorrow	shame	N	4.77	0.69964015	280.5	438	0.65586377	27.3527937	997	1.0544E-122
administration	management	N	7.25	0.5103128	414	273	0.654760027	27.25793964	997	3.9616E-127
communication	conversation	N	8.02	0.17244351	450	58	0.653459974	27.90840404	997	9.4653E-127
pollution	atmosphere	N	4.25	0.47376698	259	237	0.662259679	27.85287828	997	1.4293E-125
anatomy	biology	N	5.33	0.78860974	323.5	484	0.661518986	27.67972696	997	6.1863E-126
college	profession	N	3.12	0.60134476	196.5	364	0.659196727	27.73315485	997	3.97E-126
book	topic	N	2.07	0.4499975	135.5	216	0.659915309	27.7614488	997	5.2049E-123
formula	equation	N	7.95	0.8612947	444	490	0.660295119	27.30307381	997	4.9923E-125
book	information	N	5	0.15048231	300.5	45	0.654079298	27.59990723	997	4.9727E-125
boy	partner	N	1.9	0.33073854	130	131	0.658119812	27.6001576	997	1.5027E-124
sky	universe	N	4.68	0.48788866	269	247	0.658123196	27.52955591	997	1.5997E-124
population	people	N	7.68	0.4784689	431	238	0.657167281	27.52556139	997	2.8726E-125
college	class	N	4.13	0.2667719	248.5	90	0.657113102	27.63518227	997	2.3281E-124
chief	mayor	N	4.85	0.60667604	286.5	365	0.658596236	27.50159939	997	1.4831E-126
rabbi	minister	N	7.62	0.33206534	421	131	0.656787884	27.82424272	997	1.4011E-125
meter	inch	N	5.08	0.75683296	300.5	457	0.66113624	27.68100046	997	2.9621E-124
polyester	cotton	N	5.63	0.5865355	332.5	342	0.659213876	27.48621826	997	2.279E-126
lawyer	banker	N	1.88	0.6477244	129	397	0.656578934	27.79684734	997	3.4367E-124
violin	instrument	N	6.58	0.7102138	375	427	0.660769586	27.47672618	997	1.8146E-124
camp	cabin	N	4.2	0.33848652	251.5	136	0.656449911	27.51751085	997	1.9577E-124
pot	appliance	N	2.53	0.42113099	158	182	0.657003879	27.51266531	997	4.4117E-122
linen	fabric	N	7.47	0.6487551	408.5	395	0.656938119	27.16639998	997	9.8078E-121
whiskey	champagne	N	5.33	0.6758894	312	408	0.65219984	26.96788225	997	2.3898E-119
girl	child	N	5.38	0.66177225	314	397	0.649448363	26.76325933	997	1.0189E-118
cottage	cabin	N	7.72	0.5064656	420	259	0.646585316	26.67025622	997	6.9773E-121
bird	hen	N	7.03	0.3013475	385.5	109	0.645274928	26.98968804	997	2.1077E-121
racket	noise	N	8.1	0.45075315	432.5	209	0.649751848	27.06632645	997	4.1394E-120
sunset	evening	N	5.98	0.5639536	346	305	0.650816015	26.87563846	997	4.1358E-119
drizzle	rain	N	9.17	0.54466504	467	290	0.648161104	26.72808904	997	3.8274E-119
adult	baby	N	2.22	0.42814144	139.5	185	0.646090448	26.73305911	997	2.9992E-116
charcoal	coal	N	7.63	0.7211775	411.5	423	0.646160429	26.30511907	997	1.9792E-115
body	spine	N	4.78	0.5347492	274	279	0.640074729	26.18372671	997	2.1336E-115
head	nail	N	2.47	0.43016732	153	188	0.638326133	26.1788897	997	4.0183E-120
log	timber	N	8.05	0.16251753	424	52	0.638256253	26.87754212	997	2.0536E-120
spoon	cup	N	2.02	0.48346975	132	234	0.648187726	26.92054685	997	2.8065E-120
body	nerve	N	3.13	0.5382626	190	278	0.648788495	26.90053822	997	5.0999E-120
man	husband	N	5.32	0.448293	305.5	205	0.648509128	26.86226766	997	2.2393E-121
bone	neck	N	2.53	0.6625572	154.5	385	0.647974053	27.0624496	997	2.9439E-119
frustration	anger	N	6.5	0.6291187	360	371	0.650762275	26.74988803	997	2.3841E-117
river	sea	N	5.72	0.7557463	324.5	432	0.646397269	26.46786227	997	5.9733E-118
task	job	N	8.87	0.46209326	450.5	213	0.642403456	26.55675025	997	7.8001E-121
club	society	N	5.23	0.09161301	301.5	29	0.643667908	26.98254963	997	7.4765E-121
reflection	image	N	7.27	0.46289498	385	214	0.649652532	26.98526308	997	1.3735E-118
prince	king	N	5.92	0.85511583	334.5	454	0.649690288	26.65109299	997	9.6701E-117
snow	weather	N	5.48	0.7372111	312	420	0.645004214	26.37788971	997	7.1414E-117
people	party	N	2.2	0.23522258	136.5	75	0.64111821	26.39737253	997	5.7053E-116
boy	brother	N	6.67	0.5163621	359	253	0.641396978	26.26376056	997	3.9138E-116
root	grass	N	3.55	0.32928294	201.5	121	0.639480094	26.28800189	997	8.2346E-116
brow	eye	N	3.82	0.44336587	220.5	197	0.639828765	26.2401544	997	2.2252E-116
money	pearl	N	2.1	-0.05316438	134	6	0.639140179	26.32431282	997	1.6361E-117
money	diamond	N	3.42	0.113384545	197	30	0.640350299	26.49204748	997	2.2709E-115
vehicle	bus	N	6.47	0.6222436	349	354	0.642748017	26.17487753	997	1.9492E-114
cab	bus	N	5.6	0.52120054	311	252	0.638198277	26.03643442	997	1.0816E-113
house	barn	N	4.33	0.53734803	242	266	0.636191112	25.92598963	997	2.0713E-113
finger	palm	N	3.33	0.45909217	193	204	0.63458055	25.88408676	997	2.0498E-114
car	bridge	N	0.95	0.4936322	74.5	230	0.633967329	26.03319459	997	4.7484E-115
effort	difficulty	N	4.45	0.30913767	245.5	107	0.636143985	26.12739062	997	5.8129E-117
fact	insight	N	4.77	0.15120634	257	42	0.637511266	26.41059965	997	1.8419E-116
job	management	N	3.97	0.49250343	223.5	226	0.641586093	26.33646783	997	6.7178E-114
cancer	sickness	N	7.93	0.6260823	395.5	350	0.640524684	25.95669303	997	2.1787E-114
word	newspaper	N	2.47	0.14485407	148.5	38	0.635029115	26.02926354	997	9.7876E-112
composer	writer	N	6.58	0.75710505	343.5	414	0.636086794	25.63516933	997	5.1761E-111
actor	singer	N	4.52	0.74756813	244	407	0.63029982	25.52749185	997	1.1408E-112
shelter	hut	N	6.47	0.32850853	339.5	115	0.628700113	25.77399471	997	1.1328E-112
bathroom	kitchen	N	3.1	0.5945761	182.5	317	0.632350489	25.77444601	997	2.367E-111
cabin	hut	N	6.53	0.5530109	339	268	0.632357134	25.57808783	997	4.1522E-112
door	kitchen	N	1.67	0.5581804	117.5	269	0.629452788	25.69056951	997	6.8679E-115
value	belief	N	7.07	0.26942337	354	86	0.631119756	26.10362693	997	6.4643E-119
wisdom	intelligence	N	7.47	0.22104467	369	63	0.637166896	26.69944377	997	6.1939E-119
ignorance	intelligence	N	1.5	0.34799966	108	128	0.645686787	26.70218386	997	8.7435E-120
happiness	luck	N	2.38	0.59563404	141	315	0.645725423	26.8277185	997	6.1326E-122
idea	scheme	N	6.75	0.32625294	341	109	0.647490182	27.14532941	997	1.2719E-118
mood	emotion	N	8.12	0.69916797	392	376	0.651909015	26.65602689	997	1.7978E-118
happiness	peace	N	6.03	0.45363253	319	194	0.645073937	26.6338205	997	5.7137E-116
despair	misery	N	7.22	0.62171835	355.5	335	0.644760001	26.26366573	997	1.1018E-115
logic	arithmetic	N	3.97	0.75808656	218	401	0.639478729	26.22141752	997	7.4719E-117
denial	confession	N	1.03	0.52232504	81.5	241	0.638870112	26.39446505	997	1.0064E-115
argument	criticism	N	5.08	0.5406068	272	255	0.641355393	26.22724778	997	5.7483E-115
aggression	hostility	N	8.48	0.5247501	401	242	0.638954172	26.11508623	997	7.2923E-119
hysteria	confusion	N	6.33	0.16742076	327	47	0.637333006	26.69171227	997	1.4884E-118
chemistry	theory	N	3.17	0.56490046	181	270	0.645577745	26.64593978	997	4.4106E-119
trial	verdict	N	3.33	0.73496187	184.5	386	0.644931374	26.72396337	997	5.507E-118
comfort	safety	N	5.8	0.521806	305	239	0.646032343	26.56196855	997	4.8135E-118
confidence	self	N	3.12	0.34375438	179	123	0.643741976	26.57060898	997	7.4349E-115
vision	perception	N	6.88	0.7601574	335.5	393	0.643864578	26.09851885	997	1.0608E-113
era	decade	N	5.4	0.52647984	283.5	242	0.637092823	25.92723788	997	3.8256E-114
biography	fiction	N	1.38	0.46998864	101	203	0.634598799	25.99298516	997	9.4999E-113
discussion	argument	N	5.48	0.55970913	286.5	259	0.635558502	25.78580927	997	1.3568E-114
code	symbol	N	6.03	0.3162105	308.5	103	0.632524398	26.05977429	997	2.7584E-114
danger	disease	N	3	0.46195883	170.5	193	0.636530405	26.01406136	997	8.2344E-117
accident	catastrophe	N	5.9	0.26126847	302.5	78	0.635865526	26.38822002	997	3.4503E-112
journey	trip	N	8.88	0.8047679	401	402	0.641266052	25.70253139	997	1.8778E-113
activity	movement	N	7.15	0.39122358	337.5	144	0.631296517	25.89041141	997	6.0284E-113
gossip	news	N	5.22	0.46397686	275	194	0.634059963	25.81516238	997	7.0994E-113
father	god	N	3.57	0.38562816	188	140	0.632956058	25.80460914	997	5.5426E-114
action	course	N	5.45	0.33977342	282	120	0.632800933	25.96908899	997	1.0324E-110
fever	illness	N	7.65	0.6685187	354	342	0.635210034	25.48282708	997	3.6226E-112
aviation	flight	N	8.18	0.4274487	373.5	161	0.628034201	25.69938331	997	3.3469E-113
game	action	N	4.85	0.3279362	252	107	0.631250007	25.85313143	997	1.1762E-113
molecule	air	N	3.05	0.2780935	174	86	0.633513549	25.92057826	997	1.2596E-114
home	state	N	2.58	0.07896121	148.5	23	0.634501426	26.06456189	997	3.2965E-115
word	literature	N	4.77	0.35283098	239.5	123	0.636599957	26.15088622	997	8.2588E-121
adult	guardian	N	6.9	0.116316155	323.5	29	0.637851376	26.97889058	997	7.4761E-126
newspaper	information	N	5.65	0.03145948	284	16	0.649601612	27.7210737	997	2.7375E-128
communication	television	N	5.6	0.29662654	281.5	92	0.659752981	28.07867403	997	6.6697E-127
cousin	uncle	N	4.63	0.8421447	231	392	0.664518962	27.87519598	997	4.9226E-127
author	reader	N	1.6	0.4627771	111	182	0.661816929	27.89455942	997	2.8392E-128
guy	partner	N	3.57	0.20981658	184.5	58	0.662075178	28.07635063	997	3.1634E-128
area	corner	N	2.07	0.46340543	126	181	0.664488256	28.06946422	997	6.4524E-125
ballad	song	N	7.53	0.66796076	337	330	0.664397223	27.58352966	997	7.0406E-125
wall	decoration	N	2.62	0.37755844	148.5	125	0.657898347	27.57796047	997	8.7275E-126
word	page	N	2.92	0.1937022	160	53	0.657822999	27.71120024	997	1.0718E-125
nurse	scientist	N	2.08	0.44007218	126	167	0.659620248	27.69809361	997	4.2389E-124
politician	president	N	7.38	0.57001984	327	252	0.659443955	27.46332698	997	3.1219E-121
president	mayor	N	5.68	0.7508239	276.5	360	0.65626768	27.04117938	997	1.4414E-119
book	essay	N	4.72	0.77013403	229.5	370	0.650467256	26.79567712	997	6.816E-118
man	warrior	N	4.72	0.6207236	229	302	0.647040733	26.54827662	997	2.2582E-115
article	journal	N	6.18	0.6082134	293.5	292	0.643547596	26.17523834	997	8.4288E-114
breakfast	supper	N	4.4	0.6470823	220	317	0.638203491	25.94206608	997	7.1493E-113
crowd	parade	N	3.93	0.52667826	202	220	0.634815501	25.8041571	997	2.3526E-119
aisle	hallway	N	6.75	0	303.5	11.5	0.632794286	26.76426606	997	1.3782E-118
teacher	rabbi	N	4.37	0.49316916	217.5	194	0.646599469	26.65087504	997	1.0957E-118
hip	lip	N	1.43	0.25518185	102	69	0.645001133	26.66559102	997	3.8739E-116
book	article	N	5.43	0.6448415	263.5	311	0.645209046	26.28866102	997	8.7126E-118
room	cell	N	4.58	0.2675055	220	74	0.63983824	26.5325142	997	3.681E-117
box	booth	N	3.8	0.47939947	194	184	0.643323666	26.43995785	997	4.6176E-117
daughter	kid	N	4.17	0.42768756	211	148	0.642005423	26.42539331	997	5.5893E-115
limb	leg	N	6.9	0.5836109	301	256	0.641797466	26.11689313	997	7.2369E-116
liver	lung	N	2.7	0.7852681	151.5	364	0.63735919	26.24846265	997	6.7677E-117
classroom	hallway	N	2	0	124	11	0.639259855	26.40082688	997	4.3726E-117
mountain	ledge	N	3.73	0.37906206	187.5	120	0.641446378	26.42889571	997	6.0585E-119
car	elevator	N	1.03	0.58808464	81	263	0.641847487	26.70360208	997	2.934E-118
bed	couch	N	3.42	0.51252776	172.5	202	0.645745419	26.60238603	997	1.6473E-118
clothes	button	N	2.3	0.27794328	127.5	76	0.644315047	26.63942966	997	1.285E-116
clothes	coat	N	5.35	0.58253425	251.5	251	0.64483933	26.35961267	997	1.5293E-118
kidney	organ	N	6.17	0.3507287	276.5	110	0.640856463	26.64420083	997	4.2635E-119
apple	sauce	N	1.43	0.54328173	100.5	217	0.64490679	26.72613892	997	1.6704E-118
chicken	steak	N	3.73	0.7659691	183	348	0.646062984	26.63853743	997	9.2016E-119
car	hose	N	0.87	0.40218815	67.5	128	0.644826713	26.67679388	997	4.1098E-121
tobacco	cigarette	N	7.5	0.38418627	306.5	121	0.645367229	27.02357737	997	8.6251E-123
student	professor	N	1.95	0.70264435	119	319	0.650222893	27.27078383	997	2.4279E-121
baby	daughter	N	5	0.5585823	232	220	0.653636354	27.05727258	997	6.4357E-125
pipe	cigar	N	6.03	0.25788832	267	69	0.650690497	27.58369552	997	7.1263E-124
milk	juice	N	4.05	0.8889441	194.5	355	0.657900591	27.4301425	997	4.7708E-124
box	cigar	N	1.25	0.20558913	94	53	0.655815873	27.45577546	997	1.2745E-123
apartment	hotel	N	3.33	0.66580045	165	300	0.656164928	27.39300089	997	1.0268E-123
cup	cone	N	3.17	0.36022264	161.5	112	0.655309353	27.40681038	997	2.3509E-123
horse	ox	N	3.02	0.43537036	156.5	149	0.655497784	27.35387459	997	6.9081E-124
throat	nose	N	2.8	0.7186941	147	318	0.654774809	27.43212901	997	1.163E-122
bone	teeth	N	4.17	0.7618416	194.5	335	0.65584294	27.25167177	997	3.2824E-122
bone	elbow	N	3.78	0.4389618	178	152	0.653373863	27.18531484	997	2.3571E-126
bacon	bean	N	1.22	0.7788155	93	341	0.652460666	27.79469986	997	3.0444E-126
cup	jar	N	5.13	0.4350039	228	147	0.660740825	27.77838125	997	3.2386E-127
proof	fact	N	7.3	0.43274674	286	144	0.660522173	27.92124712	997	1.9429E-128
appointment	engagement	N	6.75	0.4179806	273	133	0.662430725	28.10051424	997	2.163E-128
birthday	year	N	1.67	0.451213	107	154	0.664807446	28.09367704	997	3.3906E-129
word	clue	N	2.53	0.19151019	132	50	0.664717166	28.2116771	997	8.2139E-126
author	creator	N	8.02	0.61510485	303.5	267	0.666271176	27.71506953	997	1.2553E-125
atom	carbon	N	3.1	0.6790952	155	296	0.659672272	27.68800832	997	4.2366E-121
archbishop	bishop	N	7.05	0.80659956	274.5	337	0.659308226	27.02163172	997	5.8931E-120
letter	paragraph	N	4	0.52761954	182	197	0.650195869	26.85300418	997	2.7141E-119
page	paragraph	N	3.03	0.49423176	153	174	0.647844392	26.75510084	997	3.0131E-127
steeple	chapel	N	7.08	0	273	10.5	0.646470593	27.92584729	997	3.6166E-127
muscle	bone	N	3.65	0.79594755	164	332	0.662491965	27.91421218	997	1.8478E-129
muscle	tongue	N	5	0.28652608	216.5	75	0.662337045	28.25031822	997	1.8019E-129
boy	soldier	N	2.15	0.54064167	117	200	0.666778184	28.25191883	997	6.1933E-124
belly	abdomen	N	8.13	0.75685143	302	321	0.666799166	27.4391069	997	3.9534E-123
guy	girl	N	3.33	0.60311395	155.5	251	0.655937993	27.32065461	997	2.119E-124
bed	chair	N	3.5	0.23269847	157	57	0.654320184	27.50761001	997	1.5107E-121
clothes	jacket	N	5.15	0.63302433	220	273	0.656869496	27.08764177	997	1.8757E-120
gun	knife	N	3.65	0.58067083	160.5	228	0.651111311	26.92635425	997	2.1168E-118
tin	metal	N	5.63	0.562333	231	208	0.64886953	26.62333822	997	9.91E-114
bottle	container	N	7.93	0.6689148	289	281	0.644611698	25.93162819	997	6.2429E-110
hen	turkey	N	6.13	0.6516122	246	276	0.634662976	25.366336	997	7.2796E-113
meat	bread	N	1.67	0.81377214	106.5	324	0.626290911	25.80299081	997	2.2155E-112
arm	bone	N	3.83	0.42775726	168	134	0.632777138	25.73113921	997	8.0301E-109
neck	spine	N	5.32	0.79765356	221	321	0.631718859	25.20078872	997	4.41E-107
apple	lemon	N	4.05	0.5955617	175	242	0.623797234	24.94068488	997	1.3957E-104
agony	grief	N	7.63	0.55927044	275	204	0.61984041	24.56576324	997	2.6038E-102
assignment	task	N	8.7	0.5502141	305	201	0.614052609	24.22405394	997	2.3966E-101
night	dawn	N	2.95	0.5856399	145	229	0.608689765	24.07862848	997	1.3452E-102
dinner	soup	N	3.72	0.23545547	160.5	58	0.606381784	24.26728046	997	9.4795E-100
calf	bull	N	4.93	0.60494286	204.5	244	0.60937283	23.83716507	997	3.66566E-97
snow	storm	N	4.8	0.6044965	194	242	0.602515517	23.44458535	997	2.73447E-97
nail	hand	N	3.42	0.33433568	154	95	0.596137898	23.46394012	997	1.69345E-98
dog	horse	N	2.38	0.77950907	123.5	312	0.596455004	23.64742779	997	2.4283E-101
arm	neck	N	1.58	0.7720792	101.5	308	0.599447406	24.07776433	997	2.4456E-101
ball	glove	N	1.75	0.53572744	108	193	0.606368023	24.07730128	997	9.85895E-97
flu	fever	N	6.08	0.70098823	232.5	282	0.60636065	23.37921177	997	1.46339E-95
fee	salary	N	3.72	0.6937596	156	279	0.595064761	23.20069911	997	2.62911E-94
nerve	brain	N	3.88	0.75310063	162	298	0.592118111	23.00910119	997	2.91905E-95
beast	animal	N	7.83	0.39603743	269	116	0.588928823	23.15493991	997	2.19163E-96
dinner	chicken	N	2.85	0.18927678	139.5	47	0.591358929	23.32638861	997	2.24147E-95
girl	maid	N	2.93	0.58627814	140	225	0.594195312	23.1724467	997	7.34086E-91
child	boy	N	5.75	0.6987579	218.5	277	0.591649567	22.48023833	997	6.69041E-86
alcohol	wine	N	7.42	0.60475725	253.5	237	0.57998097	21.7118195	997	1.61678E-84
nose	mouth	N	3.73	0.7276331	155.5	287	0.566596089	21.49584027	997	7.90731E-84
street	car	N	2.38	0.46217394	121	149	0.562750891	21.38790471	997	1.68084E-83
bell	door	N	2.2	0.5604167	114	197	0.560815447	21.33655866	997	2.5231E-83
box	hat	N	1.3	0.34651232	94	99	0.559891495	21.30888217	997	2.62818E-81
belief	impression	N	5.95	0.47903022	221	156	0.5593926	20.99135926	997	2.08009E-79
bias	opinion	N	5.6	0.47465575	210	153	0.553625284	20.6909233	997	1.51222E-76
attention	awareness	N	8.73	0.504199	284.5	172	0.548093966	20.23476717	997	4.79608E-76
anger	mood	N	4.1	0.38311157	162.5	108	0.539556229	20.1544287	997	1.28195E-76
elegance	style	N	5.72	0.33318627	210	93	0.538035027	20.24625454	997	2.35733E-77
beauty	age	N	1.58	0.13852364	100	29	0.539773311	20.36386026	997	2.34931E-76
book	theme	N	2.58	0.49543014	125	162	0.541989572	20.20411928	997	1.9959E-75
friend	mother	N	2.53	0.56721276	122.5	199	0.538976536	20.05499695	997	8.3144E-74
vitamin	iron	N	5.55	0.45199004	205	141	0.536144989	19.79393577	997	4.66131E-73
car	factory	N	2.75	0.7258828	131.5	273	0.531144048	19.67276457	997	4.14486E-73
pact	condition	N	2.45	0.29150307	120	74	0.528803813	19.68102884	997	6.03792E-73
chapter	choice	N	0.48	0.08552111	33	20	0.528963809	19.65454844	997	2.67853E-73
arithmetic	rhythm	N	2.35	0.24905005	115.5	58	0.528450949	19.71174217	997	2.71403E-74
winner	presence	N	1.08	-0.23513998	84	1	0.529557927	19.87245729	997	5.08461E-74
belief	flower	N	0.4	0.117503434	17.5	23	0.532654111	19.82844313	997	6.47782E-73
winner	goal	N	3.23	0.46446416	135	139	0.531808291	19.64959651	997	9.75547E-73
trick	size	N	0.48	0.08716062	31.5	20	0.528354978	19.62075444	997	3.23454E-73
choice	vein	N	0.98	0.075526506	74.5	17	0.5277956	19.69847596	997	2.44769E-73
hymn	conquest	N	0.68	0.027482605	51.5	11	0.529301401	19.71807937	997	6.07757E-73
endurance	band	N	0.4	-0.04459079	17	6	0.529680416	19.65408758	997	1.22262E-73
jail	choice	N	1.08	0.03544584	78.5	10	0.528442018	19.76686063	997	1.14693E-73
condition	boy	N	0.48	0.2674076	30	55	0.530622184	19.77134917	997	1.69608E-73
flower	endurance	N	0.4	0.17340702	16.5	35	0.530708741	19.74386452	997	5.4783E-73
hole	agreement	N	0.3	0.002457734	5.5	9	0.530178467	19.66139647	997	1.04404E-73
doctor	temper	N	0.48	0.40152514	27.5	98	0.528583634	19.77794992	997	9.93647E-74
fraternity	door	N	0.68	0.06751059	46	11	0.530835999	19.7814235	997	1.02613E-73
task	woman	N	0.68	0.13515805	45.5	17	0.530902954	19.77916462	997	1.02207E-73
fraternity	baseball	N	0.88	0.2813049	58	54	0.530859414	19.779443	997	8.96368E-74
cent	size	N	0.4	0.27364916	15	52	0.53086478	19.78865721	997	1.72408E-73
presence	door	N	0.48	0.06541473	26	10	0.531042353	19.74271391	997	3.04006E-73
mouse	management	N	0.48	0.15213923	25.5	22	0.530156254	19.70283777	997	5.75346E-73
task	highway	N	0.48	0.14040881	25	17	0.52938576	19.65794617	997	1.6331E-72
liquor	century	N	0.4	-0.015522827	14.5	7	0.528516787	19.58443382	997	2.05075E-72
task	straw	N	0.68	0.2083457	40	33	0.527090202	19.5683713	997	6.69082E-72
island	task	N	0.3	0.0956767	5	12	0.526777897	19.48486843	997	1.49918E-71
night	chapter	N	0.48	0.07079014	22.5	9	0.525150901	19.42780858	997	1.93103E-71
pollution	president	N	0.68	-0.11043494	37.5	2	0.524035807	19.40988982	997	2.08538E-71
gun	trick	N	0.48	0.29115078	22	49	0.523685072	19.40444487	997	5.11065E-72
bath	trick	N	0.58	0.41878152	29	94	0.523578441	19.5039064	997	4.80492E-72
diet	apple	N	1.18	0.40424848	64.5	86	0.525522351	19.50826425	997	7.0151E-72
cent	wife	N	0.58	0.23400374	28.5	35	0.525607335	19.48152315	997	3.09448E-71
chapter	tail	N	0.3	-0.077590056	4.5	2	0.525085601	19.3764892	997	6.21061E-71
course	stomach	N	0.58	0.119917445	27	10	0.523030588	19.32709972	997	1.70644E-70
hymn	straw	N	0.4	0.1566451	12	16	0.522061106	19.25534037	997	3.20011E-71
dentist	colonel	N	0.4	0.4075409	11.5	84	0.520648905	19.37411093	997	8.89548E-71
wife	straw	N	0.4	0.15902653	11	17	0.522983951	19.30160539	997	1.74612E-70
hole	wife	N	0.68	0.080391794	29	7	0.521559877	19.25370719	997	2.76748E-70
pupil	president	N	0.78	0.17905645	34.5	20	0.520616715	19.22096869	997	1.54836E-70
bath	wife	N	0.48	0.35278782	17.5	66	0.519970963	19.26224783	997	2.79297E-70
people	cent	N	0.48	0.25417775	17	32	0.520785028	19.22031673	997	2.89595E-70
formula	log	N	1.77	0.38955912	71	73	0.519958095	19.21774162	997	7.07215E-70
woman	fur	N	0.58	0.15035301	21.5	13	0.519907263	19.15419463	997	1.418E-69
apple	sunshine	N	0.58	0.23090947	21	26	0.518651109	19.10461507	997	9.98694E-70
gun	dawn	N	1.18	-0.062287394	52	2	0.517668715	19.12960601	997	5.55107E-70
meal	waist	N	0.98	0.42868528	42	84	0.518164154	19.1714404	997	1.90507E-69
camera	president	N	0.48	-0.114700116	16.5	1	0.518992344	19.08355337	997	4.9536E-69
liquor	band	N	0.68	0.05245444	23.5	4	0.517250767	19.01531765	997	2.26288E-69
stomach	vein	N	2.35	0.23188508	72	23	0.515894155	19.07127128	997	1.02913E-68
gun	fur	N	0.3	0.14589565	4	8	0.517006871	18.96302979	997	1.99112E-68
couch	baseball	N	0.88	0.09660145	31.5	5	0.514851973	18.91577607	997	5.00164E-68
worker	camera	N	0.68	0.19097774	22	15	0.513908161	18.84973707	997	1.58502E-69
deck	mouse	N	0.48	0.500201	15	115	0.512586013	19.09667377	997	6.41589E-69
rice	boy	N	0.4	0.15862353	9.5	9	0.517511172	18.99682797	997	2.12784E-68
people	gun	N	0.68	-0.01779065	19.5	2	0.515525887	18.91101829	997	6.93375E-71
cliff	tail	N	0.3	0.5486779	3.5	130	0.513813029	19.31928579	997	3.86054E-73
ankle	window	N	0.3	0.52488893	3	121	0.521907539	19.68602918	997	1.22277E-72
princess	island	N	0.3	0.26549184	2.5	23	0.529060589	19.60483539	997	1.27675E-72
container	mouse	N	0.3	0.33514875	2	47	0.527486564	19.60179023	997	1.15065E-73
wagon	container	N	2.65	0.60877377	72	171	0.527427424	19.77112174	997	6.25972E-73
people	balloon	N	0.48	-0.04591165	9.5	1	0.530704355	19.65200822	997	3.85645E-72
dollar	people	N	0.4	0.13669913	5	3	0.52840172	19.52379539	997	3.0575E-74
bath	balloon	N	0.4	0.5188817	4.5	115	0.525910085	19.86410585	997	6.337E-75
stomach	bedroom	N	0.4	0.43067276	4	73	0.532493744	19.9742811	997	1.0579E-74
bicycle	bedroom	N	0.4	0.3282678	3.5	38	0.534604756	19.93843319	997	2.88002E-74
log	bath	N	0.4	0.30078033	3	28	0.533918987	19.86829719	997	6.2317E-82
bowl	tail	N	0.48	0.7278498	4	209	0.532574235	21.08991376	997	2.16548E-83
go	come	V	2.42	0.58404607	55.5	145	0.555423989	21.31929816	997	4.36336E-84
take	steal	V	6.18	0.4293186	149	70	0.559580429	21.42835534	997	2.81437E-80
listen	hear	V	8.17	0.6983003	193.5	196	0.561541867	20.82860866	997	2.67976E-81
think	rationalize	V	8.25	0.46534654	196	84	0.550637899	20.99002697	997	2.13894E-76
occur	happen	V	9.32	0.720934	217	201	0.553600915	20.21064701	997	3.57071E-79
vanish	disappear	V	9.8	0.42839786	217	69	0.53910007	20.65366707	997	3.53803E-79
multiply	divide	V	1.75	0.4034906	45.5	58	0.547402976	20.65430127	997	6.19438E-78
plead	beg	V	9.08	0.56582105	212.5	126	0.547414747	20.45647979	997	1.13527E-85
begin	originate	V	8.2	0.14320257	194	3	0.543727051	21.67601485	997	3.8755E-80
protect	defend	V	9.13	0.7555065	212	205	0.56596118	20.80661035	997	1.13128E-77
kill	destroy	V	5.9	0.76471496	143	207	0.550232474	20.41476143	997	4.07802E-74
create	make	V	8.72	0.6175704	203	162	0.542945306	19.84391469	997	2.44859E-82
accept	reject	V	0.83	0.77279776	13.5	207	0.53210579	21.15378753	997	4.78006E-79
ignore	avoid	V	6.87	0.6784603	158	184	0.556585594	20.63354465	997	2.86661E-77
carry	bring	V	5.8	0.58384484	139.5	138	0.547029299	20.35029043	997	3.43985E-85
leave	enter	V	0.95	0.7418695	18	198	0.541734425	21.60088344	997	1.50152E-81
choose	elect	V	7.62	0.62865955	170.5	167	0.564625626	21.02971455	997	1.05424E-78
lose	fail	V	7.33	0.59501064	165	147	0.554326225	20.57894095	997	1.65722E-84
encourage	discourage	V	1.58	0.7171815	37.5	190	0.546013651	21.49416176	997	5.62565E-79
achieve	accomplish	V	8.57	0.68590426	194.5	183	0.562720863	20.62230457	997	9.43379E-77
make	construct	V	8.33	0.5656192	189.5	124	0.546820427	20.26757303	997	3.26978E-77
listen	obey	V	4.93	0.41365358	115	60	0.540175891	20.34115899	997	8.36106E-72
inform	notify	V	9.25	0.6463736	200	171	0.541562647	19.46911456	997	2.59795E-75
receive	give	V	1.47	0.6076275	36	152	0.5248433	20.03659071	997	2.38663E-75
borrow	beg	V	2.62	0.41992322	55	64	0.535794229	20.04251489	997	1.31277E-74
take	obtain	V	7.1	0.49638847	155	95	0.535907154	19.92332589	997	5.20192E-70
advise	recommend	V	8.1	0.6307815	177	163	0.533629669	19.17606541	997	2.30617E-66
imitate	portray	V	6.75	0.64053583	150.5	164	0.519083815	18.57387926	997	1.11977E-64
win	succeed	V	7.9	0.5345729	171	109	0.507023562	18.2922753	997	8.94268E-66
think	decide	V	5.13	0.35081318	118.5	46	0.501279148	18.47582303	997	1.88297E-67
greet	meet	V	6.17	0.36448622	138	48	0.505030914	18.75449745	997	2.65257E-74
agree	argue	V	0.77	0.6443222	10	162	0.510672808	19.87406247	997	4.19399E-73
enjoy	entertain	V	5.92	0.51348007	134	99	0.532684928	19.68019954	997	3.60639E-74
destroy	make	V	1.6	0.49709412	36.5	93	0.528947757	19.85253189	997	1.92897E-71
save	protect	V	6.58	0.58611834	142	131	0.532271402	19.40996526	997	5.87339E-67
give	lend	V	7.22	0.71040666	150	171	0.523686549	18.67258805	997	1.97396E-62
understand	know	V	7.47	0.6725881	153.5	163	0.509021293	17.91379903	997	2.82118E-61
take	receive	V	5.08	0.5168164	114.5	98	0.493452982	17.71759469	997	9.37948E-57
accept	acknowledge	V	6.88	0.74581367	144	177	0.489347981	16.93828685	997	9.4455E-50
decide	choose	V	8.87	0.75584114	182	178	0.472718875	15.69039517	997	3.40047E-48
accept	believe	V	6.75	0.5130562	143	97	0.445005511	15.40519008	997	1.37423E-50
keep	possess	V	8.27	0.37346223	169	49	0.438483443	15.84253535	997	1.72401E-50
roam	wander	V	8.83	0.48027235	179	81	0.448456002	15.82468329	997	4.24831E-54
succeed	fail	V	0.83	0.5783028	12	121	0.448052155	16.47135418	997	7.66119E-58
spend	save	V	0.55	0.56483203	5	110	0.462505995	17.12750108	997	2.79846E-52
leave	go	V	7.63	0.6861082	151.5	161	0.476804146	16.14728363	997	2.60599E-60
come	attend	V	8.1	0.14838831	160.5	3	0.455307643	17.55272602	997	2.46233E-57
know	believe	V	5.5	0.58675724	123	124	0.48587324	17.03945209	997	1.62305E-54
gather	meet	V	7.3	0.5655895	144.5	109	0.474906922	16.54530448	997	5.7132E-53
make	earn	V	7.62	0.500122	148	91	0.464135941	16.27067455	997	7.51262E-53
forget	ignore	V	3.07	0.43353158	62	62	0.458059093	16.24944944	997	8.0236E-53
multiply	add	V	2.7	0.4095567	54	55	0.457586735	16.24434607	997	2.69098E-59
shrink	grow	V	0.23	0.60832137	1	132	0.457473103	17.37871951	997	1.57741E-61
arrive	leave	V	1.33	0.5623043	28	103	0.482180755	17.76057664	997	5.23027E-61
succeed	try	V	3.98	0.58010304	73	115	0.490250054	17.67189698	997	5.94109E-67
accept	deny	V	1.75	0.7629401	35	163	0.488387185	18.67176205	997	2.51148E-71
arrive	come	V	7.05	0.32137293	135	30	0.50900461	19.39127775	997	1.90048E-72
agree	differ	V	1.05	0.4387275	19	63	0.523320483	19.57373947	997	6.33383E-77
send	receive	V	1.08	0.5788652	21	112	0.526882294	20.29525371	997	9.15121E-82
win	dominate	V	5.68	0.2620533	115	18	0.540698062	21.06361934	997	1.95532E-82
add	divide	V	2.3	0.46992573	39	71	0.554944853	21.16915904	997	1.93982E-87
kill	choke	V	4.92	0.17202665	98.5	6	0.556864654	21.9510343	997	1.12192E-80
acquire	get	V	8.82	0.6281311	158.5	133	0.570812182	20.89179604	997	6.77376E-76
participate	join	V	7.7	0.5977095	138	118	0.551800267	20.13037158	997	4.91443E-77
leave	remain	V	2.53	0.5260096	42	89	0.537578482	20.31287492	997	1.24531E-77
go	enter	V	4	0.67554516	68.5	139	0.541030145	20.40810604	997	2.24279E-75
take	carry	V	5.23	0.54411376	105	93	0.542820462	20.04685509	997	1.86222E-78
forget	learn	V	1.18	0.53972834	23.5	91	0.535989867	20.53962689	997	6.58768E-70
appoint	elect	V	8.17	0.8079661	142	154	0.545280902	19.15924887	997	3.94672E-69
engage	marry	V	5.43	0.45934248	107	68	0.518751141	19.03155357	997	4.26191E-71
ask	pray	V	3.72	0.7150543	59.5	142	0.516217299	19.35380232	997	3.42596E-72
go	send	V	3.75	0.6273984	61	127	0.522585512	19.53215332	997	3.13277E-71
take	deliver	V	4.37	0.5487467	72	91	0.526072924	19.37561781	997	8.42109E-74
speak	hear	V	3.02	0.62988114	52	126	0.523013501	19.79304067	997	1.87362E-65
analyze	evaluate	V	8.03	0.7435557	133	144	0.531126805	18.42220284	997	8.60441E-67
argue	rationalize	V	4.2	0.28441778	69	20	0.503937843	18.64505589	997	4.76156E-75
lose	keep	V	1.05	0.6197791	18.5	121	0.508464904	19.99426347	997	3.5311E-74
compare	analyze	V	8.1	0.46972752	132	67	0.534986561	19.85401105	997	7.8982E-74
disorganize	organize	V	1.45	0	26	1	0.532299824	19.79754046	997	1.00827E-73
go	allow	V	3.62	0.3918846	54	47	0.531213482	19.78039801	997	5.12536E-80
take	possess	V	7.2	0.2940985	118	21	0.530883188	20.78738294	997	1.27379E-82
learn	listen	V	3.88	0.6883425	58.5	130	0.549877797	21.19843014	997	1.76682E-84
destroy	construct	V	0.92	0.4270785	12.5	52	0.557395529	21.48981097	997	8.48811E-75
create	build	V	8.48	0.7198086	133.5	131	0.56264302	19.95384041	997	1.09443E-82
steal	buy	V	1.13	0.59019184	19	104	0.534213856	21.20879234	997	7.17643E-82
kill	hang	V	4.45	0.55369157	66	85	0.5575833	21.08025573	997	2.32889E-94
forget	know	V	0.92	0.6107268	12	110	0.555248065	23.01715378	997	6.88639E-94
create	imagine	V	5.13	0.43281975	87	52	0.589063422	22.94512341	997	1.88065E-95
do	happen	V	4.23	0.29085138	62	20	0.587857693	23.18407801	997	1.5058E-105
win	accomplish	V	7.85	0.28919467	119	19	0.591842536	24.71092399	997	2.7023E-112
give	deny	V	1.43	0.56364805	22	83	0.61630539	25.71831392	997	2.0953E-121
deserve	earn	V	5.8	0.24125454	95	12	0.631529587	27.06670272	997	3.1835E-122
get	put	V	1.98	0.4145159	29	45	0.650821231	27.18727072	997	5.3755E-112
locate	find	V	8.73	0.66452885	126	114	0.652487624	25.67389024	997	1.6632E-125
appear	attend	V	6.28	0.17207317	99	5	0.630873121	27.67005568	997	5.3215E-124
know	comprehend	V	7.63	0.49140137	111	65	0.659066459	27.4487985	997	1.5775E-118
pretend	imagine	V	8.47	0.5699889	121	83	0.656069962	26.64220731	997	8.3105E-122
satisfy	please	V	7.67	0.43591303	111	48	0.644878605	27.12588455	997	2.045E-132
cherish	keep	V	4.85	0.15228748	75.5	2	0.651640373	28.68322831	997	4.9321E-138
argue	differ	V	5.15	0.3317899	83.5	28	0.672395565	29.5043566	997	2.5589E-146
overcome	dominate	V	6.25	0.34460115	96	31	0.682739489	30.71282285	997	7.6951E-146
behave	obey	V	7.3	0.49526557	104	63	0.697248859	30.64312837	997	1.4656E-141
cooperate	participate	V	6.43	0.566523	98	76	0.696434499	30.01909162	997	5.7402E-140
achieve	try	V	4.42	0.51793754	60.5	67	0.68902147	29.78668303	997	4.8428E-144
fail	discourage	V	3.33	0.607116	46	93	0.686204066	30.38089258	997	1.668E-143
begin	quit	V	1.28	0.28182396	20	15	0.693346088	30.30258133	997	8.988E-149
say	participate	V	3.82	0.19521765	50	5	0.692416318	31.07050244	997	1.8128E-151
come	bring	V	2.42	0.49467796	31	60	0.701386094	31.46322694	997	4.9907E-143
declare	announce	V	9.08	0.605235	114	89	0.705848459	30.23317476	997	1.0592E-149
read	comprehend	V	4.7	0.26821145	60	12	0.691589377	31.2058232	997	7.706E-153
take	leave	V	2.47	0.50974715	31	62	0.702933097	31.66306086	997	5.41E-144
proclaim	announce	V	8.18	0.6164956	104	89	0.708087331	30.37387872	997	7.4246E-130
acquire	obtain	V	8.57	0.76644295	108	108	0.693262955	28.30835065	997	1.9442E-128
conclude	decide	V	7.75	0.5069617	99.5	61	0.66753789	28.10046907	997	3.0092E-128
please	plead	V	2.98	0.44566607	40	46	0.664806849	28.07264603	997	2.0891E-124
argue	prove	V	4.83	0.5869111	65.5	77	0.664439287	27.50851794	997	1.2552E-119
ask	plead	V	6.47	0.5667599	89	68	0.656881822	26.80454316	997	7.1716E-129
find	disappear	V	0.77	0.49634203	7.5	58	0.647165166	28.16398203	997	7.7461E-124
inspect	examine	V	8.75	0.57633895	103	70	0.665644094	27.42481444	997	6.7117E-125
verify	justify	V	4.08	0.6543421	49	89	0.655743266	27.58101503	997	2.5845E-120
assume	predict	V	4.85	0.6652624	64	90	0.657864328	26.90581802	997	1.6641E-118
learn	evaluate	V	4.17	0.49459973	51	57	0.648582872	26.63878005	997	3.9317E-115
argue	justify	V	5	0.4971626	67	57	0.644830144	26.13954304	997	3.6433E-116
make	become	V	4.77	0.38040182	56	32	0.637687225	26.29260843	997	2.3441E-128
discover	originate	V	4.83	0.18043251	61	4	0.639894978	28.08855511	997	9.9578E-121
achieve	succeed	V	7.5	0.5885855	88	70	0.664649516	26.96691016	997	7.8862E-120
give	put	V	3.65	0.4478793	43	44	0.649434826	26.83433278	997	3.9041E-117
understand	listen	V	4.68	0.54014224	52.5	58	0.647582878	26.43617758	997	2.1235E-106
expand	grow	V	8.27	0.6222782	90.5	76	0.641951461	24.83846139	997	9.8185E-109
borrow	sell	V	1.73	0.4757652	23	47	0.618272264	25.18774685	997	2.997E-101
keep	protect	V	5.4	0.60243726	68	72	0.623599967	24.06396715	997	1.0664E-101
explain	prove	V	4.1	0.7756795	47	91	0.606148246	24.13171014	997	3.3892E-101
assume	pretend	V	3.72	0.40618855	42	34	0.607226002	24.05590099	997	9.243E-102
agree	please	V	4.13	0.3556124	46	28	0.606019694	24.14107875	997	2.7983E-101
forgive	forget	V	3.92	0.63881	44	75	0.607374789	24.06846542	997	2.38314E-86
clarify	explain	V	8.33	0.6809369	85	79	0.606219915	21.7816556	997	2.08481E-85
understand	forgive	V	4.87	0.4192759	54	36	0.567831566	21.63483282	997	1.18138E-96
remind	forget	V	0.87	0.5707713	9	57	0.565229669	23.36725353	997	9.59365E-98
get	remain	V	1.6	0.39121243	20	32	0.594868115	23.53307654	997	5.55857E-82
realize	discover	V	7.47	0.7747193	76	83	0.597585449	21.09773378	997	5.8023E-83
require	inquire	V	1.82	0.086608805	23	1	0.555566379	21.25209888	997	3.03533E-91
ignore	ask	V	1.07	0.5665083	15	54	0.55836712	22.53929492	997	4.79656E-94
think	inquire	V	4.77	0.32432804	44.5	17	0.580990749	22.96915862	997	7.25741E-94
reject	avoid	V	4.78	0.38769868	45.5	29	0.588260459	22.94163513	997	1.6797E-114
argue	persuade	V	6.23	0.20155868	64	3	0.587799203	26.04602312	997	5.5771E-118
pursue	persuade	V	3.17	0.6419269	35	67	0.636330548	26.56115565	997	1.4017E-116
accept	forgive	V	3.73	0.47402418	37	38	0.643730439	26.35402468	997	3.2451E-116
do	quit	V	1.17	0.16062997	15	1	0.640776393	26.3000512	997	3.0287E-99
investigate	examine	V	8.1	0.7540928	70.5	74	0.640001927	23.76076331	997	1.38022E-95
discuss	explain	V	6.67	0.48386934	63.5	40	0.601283271	23.20457561	997	6.1315E-112
owe	lend	V	2.32	0.72612286	23	71	0.592182353	25.66538801	997	7.84429E-92
explore	discover	V	8.48	0.7237536	70	69	0.630747325	22.62968394	997	1.71458E-87
complain	argue	V	4.8	0.5250122	42.5	43	0.582531085	21.95935699	997	9.9945E-95
withdraw	reject	V	6.38	0.33481428	59.5	20	0.570958061	23.07331011	997	4.30241E-95
keep	borrow	V	2.25	0.41770986	22	27	0.590000711	23.1292211	997	2.531E-83
beg	ask	V	6	0.5915464	56	52	0.590931542	21.30866909	997	8.55575E-68
arrange	organize	V	8.27	0.5951899	65	52	0.559388756	18.81119661	997	1.09983E-67
reduce	shrink	V	8.02	0.4380032	63	29	0.511812716	18.79315436	997	5.28673E-66
speak	acknowledge	V	4.67	0.419236	37	27	0.511450278	18.51388408	997	3.8479E-66
give	borrow	V	2.22	0.32749072	21	15	0.505805333	18.53686823	997	1.83171E-69
kill	defend	V	2.63	0.6227731	24.5	53	0.506272394	19.08635515	997	2.85373E-56
disappear	shrink	V	5.8	0.5890032	51.5	48	0.517306387	16.85386836	997	9.62298E-54
deliver	carry	V	3.88	0.71431005	32	58	0.470886315	16.40836802	997	4.50985E-54
breathe	choke	V	1.37	0.33581463	16	19	0.461114002	16.46675651	997	2.87873E-60
acknowledge	notify	V	5.3	0.31484243	44	12	0.462404502	17.54532595	997	1.42665E-63
become	seem	V	2.63	0.22676316	23	3	0.485716734	18.10654966	997	3.35329E-70
pretend	seem	V	4.68	0.2574334	32	6	0.49745387	19.20731217	997	1.11688E-73
accomplish	become	V	4	0.3230015	30	11	0.519701331	19.77321393	997	1.3071E-101
contemplate	think	V	8.82	0.30612966	54	8	0.530744696	24.11836838	997	6.9463E-81
determine	predict	V	5.8	0.728348	45	53	0.607014006	20.92470467	997	5.12863E-98
please	entertain	V	5	0.27564147	36.5	6	0.55240437	23.57438642	997	3.23753E-80
remain	retain	V	5.75	0.60214996	43	42	0.598259208	20.81897867	997	2.1278E-77
pretend	portray	V	7.03	0.4828019	46	26	0.550460467	20.37096555	997	8.32664E-75
forget	retain	V	0.63	0.24245602	4.5	4	0.542123109	19.95518394	997	2.77235E-67
want	choose	V	4.78	0.55890393	31	31	0.53423956	18.72666242	997	2.71626E-97
lose	get	V	0.77	0.63011706	6	42	0.510112211	23.46438144	997	1.69364E-96
try	think	V	2.62	0.43526247	19.5	18	0.596462232	23.34343683	997	2.9258E-118
become	appear	V	4.77	0.22709674	28	3	0.594476147	26.60256493	997	6.1367E-116
leave	ignore	V	4.42	0.45582527	27	21	0.644317581	26.25907163	997	5.5105E-114
accept	recommend	V	2.75	0.5299213	20	27	0.639412606	25.96946408	997	2.658E-128
leave	wander	V	3.57	0.32983184	25	7	0.635215506	28.08055037	997	6.3977E-160
keep	give	V	1.05	0.6770544	12	38	0.664543758	32.69501188	997	1.2822E-158
give	allow	V	5.15	0.47686112	29	20	0.719316704	32.50520803	997	2.9228E-173
bring	send	V	2.97	0.7241107	20.5	39	0.717292406	34.64319706	997	3.6845E-188
absorb	learn	V	5.48	0.38317534	30	14	0.739074131	36.83149643	997	1.4745E-165
acquire	find	V	6.38	0.60007787	32	31	0.759201063	33.51740349	997	4.2036E-167
leave	appear	V	0.97	0.24499856	8.5	3	0.727880017	33.74298999	997	3.6624E-209
create	destroy	V	0.63	0.5643419	4	23	0.73017118	39.95188812	997	3.0942E-192
begin	go	V	7.42	0.57829237	32	25	0.784554662	37.43334228	997	4.3279E-180
get	buy	V	5.08	0.70443696	25	33	0.764382817	35.64420056	997	1.6687E-148
collect	save	V	6.67	0.68036205	29	32	0.748538885	31.03134724	997	1.4988E-118
replace	restore	V	5.73	0.5841505	27	26	0.700936609	26.6454935	997	2.5628E-130
join	add	V	8.1	0.40652674	30	13	0.644925065	28.37603688	997	5.9634E-96
join	marry	V	5.35	0.5712308	26	22	0.668421347	23.26014974	997	2.60152E-98
accept	deliver	V	1.58	0.48500594	11	18	0.593102095	23.619135	997	1.92342E-86
attach	join	V	7.75	0.44499192	27	15	0.598987623	21.79614487	997	1.1098E-124
put	hang	V	3	0.3225835	18	5	0.568087417	27.54890695	997	6.3488E-133
go	sell	V	0.97	0.45338577	7	14	0.657429602	28.75756211	997	2.6057E-144
communicate	pray	V	3.55	0.35672787	17	10	0.6733486	30.42013689	997	2.5408E-181
give	steal	V	0.5	0.48328656	3	13	0.693810727	35.82501914	997	5.2978E-170
add	build	V	4.92	0.5232671	18	14	0.750201396	34.16663058	997	1.1614E-141
bring	restore	V	2.62	0.66504204	13	21	0.734408236	30.03382625	997	1.0877E-111
comprehend	satisfy	V	2.55	0.58529085	12	17	0.689199048	25.62835178	997	4.3271E-123
portray	decide	V	1.18	0.3065117	8	4	0.630198772	27.31488081	997	3.9768E-184
organize	become	V	1.77	0.2244089	9.5	2	0.654241095	36.23743923	997	1.1567E-195
give	know	V	0.88	0.442861	5	9	0.753940758	37.94070144	997	2.0063E-188
say	verify	V	4.9	0.444732	12	9	0.768639026	36.87043022	997	1.02306E-88
cooperate	join	V	5.18	0.62603	13	15	0.759540717	22.14914614	997	3.03773E-83
arrange	require	V	0.98	0.33941373	5.5	6	0.574270015	21.29623024	997	2.1397E-115
borrow	want	V	1.77	0.33000425	7	3	0.559164334	26.1787052	997	7.69098E-28
investigate	pursue	V	7.15	0.58145595	12	10	0.638253587	11.27609271	997	1.1383E-150
ignore	explore	V	0.4	0.6150876	1.5	10	0.336315167	31.34697092	997	1.6532E-151
bring	complain	V	0.98	0.33044058	4	4	0.704536154	31.46906114	997	3.9092E-195
enter	owe	V	0.68	0.37282547	2	5	0.705914125	37.86233238	997	9.7893E-251
portray	notify	V	0.78	0.16861482	2	1	0.767988167	46.31205807	997	4.4194E-240
remind	sell	V	0.4	0.30516508	1	1	0.826236447	44.65422712	997	2.0776E-41
absorb	possess	V	5	0.6160622	5	6	0.816496581	14.12090649	997	2.38046E-27
join	acquire	V	2.85	0.48961073	2	3	0.40824829	11.16355678	997	#NUM!
send	attend	V	1.67	0.5734655	1	4	0.333333333	#NUM!	997	#DIV/0!
gather	attend	V	4.8	0.528668	2	3	1	#DIV/0!	997	#DIV/0!
absorb	withdraw	V	2.97	0.33001155	1	1	#DIV/0!	#DIV/0!	997	1
attend	arrive	V	6.08	0.34883106	1	1	#DIV/0!	0	997	#NUM!
