word1	word2	POS	SimLex999	sim2W100S	SimLexRank	w2vRank	Spear_coef	T statistic	freedom_deg	p_value
afraid	anxious	A	5.07	0.68409395	559	769	0.520986279	19.27246386	997	1.34E-70
apparent	obvious	A	8.47	0.74857646	922.5	876	0.519748601	19.20970577	997	3.24234E-70
bad	terrific	A	0.65	0.31348747	67	116	0.515179804	18.97946521	997	8.179E-69
bad	immoral	A	7.62	0.43832913	840	274	0.515003621	18.97063107	997	9.25406E-69
bad	awful	A	8.42	0.32496488	918	125	0.515995192	19.02039292	997	4.61399E-69
bad	great	A	0.35	0.41263846	12	229	0.519607072	19.2025399	997	3.58596E-70
bad	guilty	A	4.2	0.41902107	462.5	240	0.51992584	19.2186827	997	2.85789E-70
bad	terrible	A	7.78	0.7488828	859.5	871	0.520057897	19.22537345	997	2.60126E-70
beautiful	wonderful	A	6.5	0.62406987	723	652	0.515922952	19.01676406	997	4.85435E-69
big	broad	A	6.73	0.42310515	742.5	244	0.513701949	18.90546412	997	2.29934E-68
big	heavy	A	6.18	0.48238778	692	337	0.514631693	18.95199266	997	1.20074E-68
bizarre	strange	A	9.37	0.8049778	977	940	0.514526887	18.94674317	997	1.29211E-68
bold	proud	A	3.97	0.3527598	435	147	0.508789099	18.66109443	997	6.88861E-67
certain	sure	A	8.42	0.24520327	910.5	70	0.509306198	18.68669841	997	4.82897E-67
childish	foolish	A	5.5	0.6451371	612.5	685	0.51388778	18.91475666	997	2.01966E-68
confident	sure	A	8.27	0.59333956	898.5	576	0.512117429	18.82637583	997	6.92564E-68
crucial	important	A	8.82	0.74464333	938	858	0.509778531	18.71010971	997	3.489E-67
delightful	wonderful	A	8.65	0.60848343	921.5	608	0.50472195	18.46065488	997	1.1025E-65
delightful	cheerful	A	6.58	0.53587675	726	437	0.50190771	18.32292962	997	7.34821E-65
different	normal	A	1.08	0.4905108	122	345	0.500924619	18.27500234	997	1.41955E-64
difficult	simple	A	0.87	0.5043294	89.5	371	0.501461773	18.30117773	997	9.90865E-65
dirty	narrow	A	0.3	0.2816301	7	92	0.502284024	18.34130061	997	5.70781E-65
dirty	cheap	A	1.6	0.37213913	174	167	0.501996331	18.3272547	997	6.924E-65
dreary	dull	A	8.25	0.6921938	889.5	763	0.501960855	18.32552321	997	7.09081E-65
dull	funny	A	0.55	0.5787856	51	530	0.497781192	18.12238656	997	1.14894E-63
dumb	foolish	A	6.67	0.53571546	728	431	0.500031841	18.23155983	997	2.57656E-64
dumb	intelligent	A	0.75	0.34501308	78	139	0.499069602	18.1848241	997	4.88894E-64
dumb	rare	A	0.48	0.19021533	38.5	52	0.498956699	18.17934631	997	5.26983E-64
dumb	clever	A	1.17	0.48294616	126	332	0.498574457	18.16081	997	6.79222E-64
dumb	dense	A	7.27	0.26624855	785.5	79	0.499049844	18.1838654	997	4.95356E-64
easy	difficult	A	0.58	0.85749793	54	957	0.502469731	18.35037163	997	5.03823E-65
easy	tough	A	0.52	0.5561313	48	472	0.509747999	18.7085957	997	3.56313E-67
easy	flexible	A	4.1	0.52559155	438	410	0.511595822	18.80039795	997	9.94358E-68
easy	big	A	1.12	0.36535072	117.5	154	0.511138534	18.77764653	997	1.36468E-67
elastic	flexible	A	7.78	0.67239827	839	711	0.511070569	18.77426691	997	1.43037E-67
essential	necessary	A	8.97	0.7118141	929.5	783	0.507533367	18.59903053	997	1.6281E-66
exotic	rare	A	8.05	0.49783948	859.5	350	0.502788802	18.36596492	997	4.06527E-65
fast	rapid	A	8.75	0.5032435	912.5	357	0.502885777	18.37070614	997	3.80845E-65
formal	proper	A	8.02	0.62916833	854.5	637	0.503080894	18.38024847	997	3.3396E-65
fragile	frigid	A	2.38	0.6227571	240	627	0.49992578	18.22640405	997	2.76532E-64
fresh	wide	A	0.4	0.42341357	20	237	0.501107427	18.2839074	997	1.25616E-64
friendly	generous	A	5.9	0.63557684	643	641	0.501507742	18.30341908	997	9.60815E-65
great	awful	A	1.17	0.13059497	121.5	30	0.499358025	18.19882335	997	4.03578E-64
guilty	ashamed	A	6.38	0.50429016	691.5	358	0.499149211	18.18868731	997	4.63697E-64
happy	glad	A	9.17	0.6105612	934	595	0.498751682	18.16940255	997	6.03848E-64
happy	angry	A	1.28	0.54056185	136	431	0.495711011	18.02239719	997	4.50016E-63
happy	cheerful	A	9.55	0.40784225	947.5	212	0.496662723	18.06831385	997	2.40518E-63
happy	mad	A	0.95	0.48881105	92	332	0.499443622	18.20297952	997	3.81236E-64
happy	young	A	2	0.43053448	201.5	249	0.500105228	18.2351279	997	2.45351E-64
hard	easy	A	0.95	0.7435184	91.5	824	0.500154706	18.23753381	997	2.37387E-64
hard	tough	A	8.05	0.6837033	849	725	0.505253774	18.48677	997	7.68836E-66
hard	simple	A	1.38	0.560707	141	472	0.501196482	18.28824662	997	1.18348E-64
hard	difficult	A	8.77	0.7263246	901	796	0.502386379	18.3462998	997	5.3285E-65
hard	dense	A	5.9	0.41931963	636.5	230	0.49727862	18.09807473	997	1.60182E-63
harsh	cruel	A	8.18	0.57213104	861	502	0.497972216	18.13163365	997	1.01246E-63
honest	guilty	A	1.18	0.38350913	122.5	178	0.496017879	18.03719302	997	3.67784E-63
huge	dumb	A	0.48	0.15638262	37	42	0.49601	18.03681305	997	3.69696E-63
illegal	immoral	A	4.28	0.56650543	447.5	487	0.495585682	18.01635696	997	4.88645E-63
impatient	anxious	A	6.03	0.50337386	649	350	0.494839805	17.98044013	997	7.97151E-63
inexpensive	cheap	A	8.72	0.73243743	888.5	798	0.494414596	17.95998825	997	1.05311E-62
insane	crazy	A	9.57	0.58164364	935	511	0.489158103	17.70855695	997	3.18773E-61
laden	heavy	A	5.9	0.32739818	633	122	0.486952976	17.60383946	997	1.30958E-60
large	flexible	A	0.48	0.3486645	36.5	136	0.488862566	17.69449662	997	3.85465E-61
large	huge	A	9.47	0.784882	929.5	866	0.488754381	17.68935167	997	4.13205E-61
large	big	A	9.55	0.5438754	931	430	0.482302362	17.38443083	997	2.49295E-59
long	narrow	A	3.57	0.49397725	362.5	333	0.48124367	17.33475275	997	4.84464E-59
mad	glad	A	1.45	0.47895962	145	314	0.480996862	17.32318571	997	5.65436E-59
modern	ancient	A	0.73	0.5648579	71	474	0.48137466	17.34089393	997	4.46288E-59
modest	flexible	A	0.98	0.5898968	95.5	530	0.483224658	17.42778954	997	1.39481E-59
modest	ashamed	A	2.65	0.1459763	260.5	35	0.485314948	17.52633843	997	3.71598E-60
narrow	broad	A	1.18	0.7366929	118	795	0.485688157	17.54397501	997	2.93151E-60
necessary	important	A	7.37	0.5134545	770	363	0.490221896	17.75923381	997	1.60634E-61
new	fresh	A	6.83	0.26546702	712	75	0.489784769	17.73839741	997	2.12947E-61
new	ancient	A	0.23	0.22228494	1.5	59	0.493081963	17.89600115	997	2.51412E-62
nice	generous	A	5	0.5407508	517.5	418	0.492644841	17.87504877	997	3.34182E-62
nice	cruel	A	0.67	0.5190397	57	372	0.491772288	17.83327854	997	5.89067E-62
noticeable	obvious	A	8.48	0.74927443	862.5	807	0.492975915	17.89091636	997	2.69394E-62
old	fresh	A	0.87	0.15284288	77	37	0.487458741	17.62781818	997	9.4794E-61
old	new	A	1.58	0.40073797	145	195	0.487107389	17.61115784	997	1.18661E-60
polite	proper	A	7.63	0.36908567	793	150	0.487131265	17.61228962	997	1.16865E-60
quick	rapid	A	9.7	0.6323117	918	605	0.489992581	17.74830093	997	1.86246E-61
recent	new	A	7.05	0.21900524	724.5	56	0.486274455	17.57170677	997	2.01861E-60
restless	young	A	1.6	0.35957202	149.5	135	0.490124643	17.75459657	997	1.71038E-61
rough	frigid	A	2.47	0.47771895	230	302	0.49005015	17.75104513	997	1.79458E-61
sad	terrible	A	5.4	0.6085557	559.5	558	0.490113132	17.75404776	997	1.72313E-61
sad	funny	A	0.95	0.7740443	85	831	0.488374988	17.67131738	997	5.27136E-61
scarce	rare	A	9.17	0.65626335	897.5	641	0.4942077	17.95004307	997	1.20575E-62
sharp	dull	A	0.6	0.5578678	52.5	445	0.490009886	17.74912581	997	1.84179E-61
short	long	A	1.23	0.6728457	118	667	0.491915818	17.84014463	997	5.36683E-62
sick	crazy	A	3.57	0.61825675	348	583	0.495226839	17.9990707	997	6.18467E-63
simple	easy	A	9.4	0.55438435	904	434	0.49512786	17.99430481	997	6.59961E-63
sly	clever	A	7.25	0.4376269	741	243	0.49387119	17.93387612	997	1.50237E-62
sly	strange	A	1.97	0.3624303	179.5	139.5	0.49498937	17.98763804	997	7.22707E-63
sly	tough	A	0.58	0.33100027	48.5	120	0.494954041	17.9859376	997	7.39643E-63
smart	dumb	A	0.55	0.5626437	44.5	452	0.494793862	17.97822953	997	8.21515E-63
smart	intelligent	A	9.2	0.47352058	892	287	0.496890476	18.07931493	997	2.06971E-63
strange	odd	A	9.02	0.42505148	881.5	224	0.498205608	18.14293646	997	8.67428E-64
strange	sly	A	2.07	0.3624303	184	138	0.500695152	18.26382907	997	1.65487E-64
strong	proud	A	3.17	0.37524596	300	151	0.500666415	18.26243016	997	1.68695E-64
stupid	dumb	A	9.58	0.6739157	898	657	0.500843109	18.27103286	997	1.49906E-64
terrific	mad	A	0.4	0.42475355	18.5	219	0.496296545	18.05063688	997	3.0615E-63
tiny	huge	A	0.6	0.62649816	49	586	0.496711934	18.07069048	997	2.32839E-63
unhappy	mad	A	5.95	0.3720287	612.5	148	0.500239072	18.24163674	997	2.24396E-64
unnecessary	necessary	A	0.63	0.77369785	50	812	0.501946595	18.32482727	997	7.15898E-65
violent	angry	A	6.98	0.43348417	701	234	0.508659051	18.65465943	997	7.53165E-67
weird	normal	A	0.72	0.18718372	62	47	0.509785833	18.71047184	997	3.47149E-67
weird	odd	A	9.2	0.33221802	882.5	121	0.509420885	18.69238079	997	4.46274E-67
weird	strange	A	8.93	0.64488107	869	608	0.514272688	18.9340157	997	1.54348E-68
wide	narrow	A	1.03	0.63765025	88.5	595	0.510466591	18.74425451	997	2.17111E-67
wonderful	terrific	A	8.63	0.46597877	845	273	0.513651931	18.90296354	997	2.38099E-68
wonderful	great	A	8.05	0.30527574	805.5	100	0.515134256	18.97718103	997	8.4444E-69
absence	presence	N	0.4	0.69069356	18	683	0.519685231	19.20649695	997	3.39194E-70
abundance	plenty	N	8.97	0.46575943	865	271	0.525293166	19.49215812	997	6.0351E-72
accident	emergency	N	4.93	0.44328964	489	237	0.527080933	19.58395695	997	1.64418E-72
accident	catastrophe	N	5.9	0.5365276	601.5	385	0.527323364	19.59643304	997	1.37755E-72
action	course	N	5.45	0.4586546	549	257	0.526464097	19.55224294	997	2.5774E-72
activity	movement	N	7.15	0.5293286	715.5	370	0.52672046	19.56541841	997	2.13841E-72
actor	singer	N	4.52	0.7439462	438.5	761	0.526156809	19.53646	997	3.22323E-72
actress	actor	N	7.12	0.7927542	710.5	822	0.525374697	19.4963368	997	5.68857E-72
administration	management	N	7.25	0.5421801	721.5	395	0.52070725	19.25830077	997	1.63681E-70
adult	guardian	N	6.9	0.29832727	689	98	0.519754249	19.20999177	997	3.22933E-70
adult	baby	N	2.22	0.4446535	186.5	237	0.523223264	19.38631723	997	2.69366E-71
adversary	opponent	N	9.05	0.4979327	860.5	310	0.523286102	19.38952333	997	2.57446E-71
aggression	hostility	N	8.48	0.64017874	827	587	0.524349279	19.4438351	997	1.19533E-71
agony	grief	N	7.63	0.590714	761.5	494	0.520738454	19.25988425	997	1.60073E-70
air	helium	N	3.63	0.4117018	341	195	0.518460428	19.14456325	997	8.096E-70
aisle	hallway	N	6.75	0	676.5	8.5	0.518593974	19.15130831	997	7.36461E-70
aisle	hall	N	6.35	0.37831333	640.5	149	0.523736881	19.41253588	997	1.86019E-71
alcohol	whiskey	N	7.27	0.4769601	718	277	0.526015277	19.52919422	997	3.5726E-72
alcohol	cocktail	N	6.73	0.09388356	671	18	0.526857242	19.57245115	997	1.93551E-72
alcohol	gin	N	8.65	0.35977495	828	129	0.531870498	19.83167737	997	4.85548E-74
alcohol	brandy	N	6.98	0.48175377	687.5	283	0.53677569	20.0881298	997	1.24146E-75
alcohol	wine	N	7.42	0.5663654	729.5	433	0.537444923	20.12333856	997	7.49291E-76
alley	bowl	N	1.53	0.5905082	131	485	0.536085205	20.05185873	997	2.08767E-75
anarchy	chaos	N	7.93	0.657372	779	601	0.537776805	20.14081894	997	5.83072E-76
anatomy	biology	N	5.33	0.7796187	528.5	790	0.534108366	19.94832728	997	9.18407E-75
anger	fury	N	8.73	0.71159357	827.5	693	0.531671435	19.82132928	997	5.6273E-74
anger	mood	N	4.1	0.43966565	395.5	229	0.526414316	19.54968536	997	2.67252E-72
animal	person	N	3.05	0.5201594	277.5	340	0.526502568	19.55421964	997	2.50621E-72
ankle	window	N	0.3	0.44565943	5.5	231	0.526378744	19.54785798	997	2.74262E-72
apartment	furniture	N	1.28	0.4187179	112.5	203	0.527066362	19.58320733	997	1.66175E-72
apartment	hotel	N	3.33	0.70048404	303	674	0.527191395	19.58964074	997	1.51686E-72
apple	sunshine	N	0.58	0.30674502	44	98	0.527894746	19.62586392	997	9.07309E-73
apple	candy	N	2.08	0.50657785	175.5	312	0.527675033	19.61454251	997	1.06545E-72
apple	juice	N	2.88	0.54594195	251.5	384	0.527970458	19.62976648	997	8.58418E-73
apple	lemon	N	4.05	0.5170164	385	330	0.528043383	19.633526	997	8.13808E-73
apple	sauce	N	1.43	0.5610617	121.5	412	0.527615749	19.61148864	997	1.11263E-72
appointment	engagement	N	6.75	0.5663056	662	423	0.528878574	19.67662583	997	4.41247E-73
archbishop	bishop	N	7.05	0.7522594	680	741	0.527447037	19.60280009	997	1.25859E-72
area	zone	N	8.33	0.5610762	797	412	0.522869775	19.36828953	997	3.47409E-71
area	region	N	9.47	0.8004881	846	799	0.52173322	19.31041914	997	7.85663E-71
area	corner	N	2.07	0.4767854	172.5	270	0.514507651	18.94577983	997	1.30961E-68
argument	criticism	N	5.08	0.5627648	490	414	0.514683582	18.95459213	997	1.15791E-68
argument	agreement	N	1.45	0.43827796	123.5	224	0.51349416	18.89507778	997	2.65793E-68
arithmetic	rhythm	N	2.35	0.3416504	191.5	119	0.513681439	18.90443871	997	2.33248E-68
arm	knee	N	2.75	0.65140617	237	579	0.513699783	18.90535581	997	2.30282E-68
arm	neck	N	1.58	0.7182957	127.5	688	0.514769739	18.95890886	997	1.09013E-68
arm	wrist	N	3.57	0.6148911	321.5	525	0.518907038	19.16712792	997	5.89767E-70
arm	muscle	N	3.72	0.2845597	337	82	0.518684352	19.15587417	997	6.90734E-70
arm	shoulder	N	4.85	0.77866393	453	766	0.519518354	19.19804911	997	3.81959E-70
arm	bone	N	3.83	0.40039974	355	174	0.518001795	19.12141338	997	1.12034E-69
arm	vein	N	3.65	0.23406401	330	54	0.518299033	19.13641415	997	9.07699E-70
arm	body	N	4.05	0.57543075	374.5	433	0.519305046	19.18725509	997	4.4452E-70
army	legion	N	5.95	0.46522987	578	251	0.518567774	19.14998488	997	7.50272E-70
army	squad	N	5.08	0.5009413	479.5	294	0.519026915	19.17318826	997	5.41645E-70
article	journal	N	6.18	0.55534935	599.5	391	0.518717251	19.15753641	997	6.748E-70
assignment	task	N	8.7	0.56667423	796	413	0.517480222	19.09511403	997	1.62006E-69
atom	carbon	N	3.1	0.6822431	270	617	0.516139233	19.02763024	997	4.16952E-69
attention	awareness	N	8.73	0.5780874	797	430	0.516983117	19.07007541	997	2.30111E-69
attention	interest	N	7.22	0.57987714	681.5	431	0.51529202	18.98509364	997	7.56004E-69
attitude	confidence	N	4.35	0.43750343	399	219	0.51345776	18.89325881	997	2.72624E-68
attorney	lawyer	N	9.35	0.7093015	824.5	656	0.513590512	18.89989337	997	2.48521E-68
august	month	N	5.53	0.42995122	529.5	211	0.507827872	18.61357191	997	1.33111E-66
aunt	nephew	N	3.1	0.8353286	269.5	802	0.508584915	18.65099181	997	7.92461E-67
author	reader	N	1.6	0.39983973	131	172	0.510954872	18.76851486	997	1.54951E-67
author	creator	N	8.02	0.6605279	748	575	0.510973739	18.76945278	997	1.52943E-67
aviation	flight	N	8.18	0.37504417	763.5	138	0.506720072	18.55891908	997	2.83652E-66
baby	daughter	N	5	0.5822377	467	433	0.511186531	18.78003349	997	1.32011E-67
bacon	bean	N	1.22	0.7754277	105.5	746	0.509764879	18.70943276	997	3.52195E-67
ball	basket	N	1.67	0.64159137	135.5	547	0.515620715	19.00158765	997	6.00266E-69
ball	glove	N	1.75	0.41575843	142.5	189	0.518148165	19.1287991	997	1.01007E-69
ball	costume	N	2.32	0.26290122	183	64	0.518200193	19.13142492	997	9.73527E-70
ball	cannon	N	2.58	0.6244691	212	523	0.518293134	19.13611634	997	9.11501E-70
ballad	song	N	7.53	0.61127317	702.5	495	0.519414961	19.19281649	997	4.11105E-70
band	orchestra	N	7.08	0.5411297	659.5	362	0.516429865	19.04223976	997	3.3983E-69
band	parade	N	3.92	0.30589727	352	94	0.515477638	18.9944066	997	6.63689E-69
bar	cage	N	2.8	0.5033118	234	290	0.516424809	19.0419855	997	3.41042E-69
bar	jail	N	1.9	0.3970081	153.5	164	0.516392083	19.04034001	997	3.48991E-69
basketball	baseball	N	4.92	0.8096249	446.5	767	0.516385908	19.04002954	997	3.50511E-69
bath	balloon	N	0.4	0.64227015	16.5	540	0.514590593	18.94993395	997	1.23578E-68
bath	trick	N	0.58	0.5510247	42.5	375	0.519341874	19.18911834	997	4.33034E-70
bath	wife	N	0.48	0.36931235	31	132	0.521395997	19.29327584	997	1.0003E-70
bathroom	kitchen	N	3.1	0.63985914	258	535	0.521387604	19.29284935	997	1.00633E-70
bathroom	bedroom	N	3.4	0.6902261	286.5	613	0.521961302	19.32202111	997	6.67151E-71
battle	conquest	N	7.22	0.45194596	661	221	0.522569961	19.35301003	997	4.30981E-71
beach	sea	N	4.68	0.53258497	407.5	338	0.524136408	19.4329507	997	1.39411E-71
beach	seashore	N	8.33	0.55635285	754.5	378	0.523420867	19.39640083	997	2.33624E-71
beach	island	N	5.6	0.5988283	519.5	459	0.522406537	19.34468554	997	4.84672E-71
beach	reef	N	3.77	0.6503512	330	543	0.520404508	19.24294367	997	2.03165E-70
bean	coffee	N	5.15	0.63835436	469	530	0.519965918	19.22071307	997	2.77745E-70
beast	animal	N	7.83	0.39063513	713.5	154	0.51788734	19.11563969	997	1.21486E-69
beauty	age	N	1.58	0.10375751	123	19	0.521578122	19.30253295	997	8.77999E-71
bed	chair	N	3.5	0.3866615	297	151	0.521440531	19.29553911	997	9.6891E-71
bed	hospital	N	0.92	0.51510614	69	303	0.521698728	19.30866513	997	8.05323E-71
bed	crib	N	7.3	0.39345285	661	156	0.522804566	19.36496543	997	3.64091E-71
bed	bedroom	N	3.4	0.6258659	284	509	0.525859562	19.52120285	997	4.00066E-72
bed	couch	N	3.42	0.5361131	287.5	340	0.525912824	19.52393596	997	3.84878E-72
bed	blanket	N	3.02	0.4524869	248	217	0.525621056	19.50896791	997	4.7573E-72
bed	furniture	N	6.08	0.4122074	560	176	0.525569338	19.50631574	997	4.93929E-72
bee	queen	N	3.27	0.27280015	270	70	0.527193699	19.58975932	997	1.51431E-72
bee	ant	N	2.78	0.68236643	225.5	580	0.527803189	19.6211455	997	9.70148E-73
beer	alcohol	N	7.5	0.57535475	673	404	0.529237958	19.69519615	997	3.38892E-73
beer	beverage	N	5.42	0.7236084	487	647	0.527505577	19.6058145	997	1.2059E-72
beer	champagne	N	4.45	0.23592307	384.5	53	0.524745794	19.46412292	997	8.97263E-72
belief	impression	N	5.95	0.5327276	542.5	329	0.526531739	19.5557186	997	2.45354E-72
belief	flower	N	0.4	0.22060595	16	52	0.525745437	19.51534767	997	4.34646E-72
belief	opinion	N	7.7	0.6944012	689	597	0.5252964	19.49232385	997	6.02096E-72
belief	concept	N	5.08	0.5630377	448	380	0.520449131	19.24520663	997	1.96798E-70
bell	door	N	2.2	0.5439713	164	346	0.519216145	19.18275793	997	4.73514E-70
belly	abdomen	N	8.13	0.76147026	718	690	0.519812312	19.21293223	997	3.09855E-70
bias	opinion	N	5.6	0.4289822	504	194	0.513276549	18.88420538	997	3.09322E-68
bible	hymn	N	5.15	0.61269176	456.5	471	0.514189977	18.92987593	997	1.63534E-68
bicycle	bedroom	N	0.4	0.4031431	15.5	163	0.512246205	18.83279367	997	6.3334E-68
biography	fiction	N	1.38	0.5361064	110.5	331	0.512541998	18.84754172	997	5.15702E-68
bird	hawk	N	7.85	0.3704965	694	128	0.51355233	18.89798494	997	2.55228E-68
bird	hen	N	7.03	0.25862217	619	60	0.517954028	19.11900362	997	1.15886E-69
bird	turkey	N	6.58	0.4846161	589.5	251	0.522984333	19.37413039	997	3.19923E-71
birthday	year	N	1.67	0.4764291	127	240	0.5235909	19.40508097	997	2.06673E-71
birthday	date	N	5.08	0.38464877	443.5	144	0.523899787	19.42085783	997	1.65388E-71
blood	flesh	N	4.28	0.66241723	366	530	0.525155639	19.48511113	997	6.66789E-72
blood	marrow	N	3.4	0.51940894	275.5	298	0.524001668	19.42606384	997	1.5366E-71
boat	car	N	2.37	0.7827064	176.5	701	0.523736896	19.41253662	997	1.86017E-71
boat	anchor	N	2.25	0.600452	163.5	438	0.527770922	19.61948281	997	9.93312E-73
boat	deck	N	4.28	0.6646139	362.5	534	0.52905335	19.68565513	997	3.88112E-73
body	chest	N	4.45	0.6118962	374	461	0.527963609	19.6294134	997	8.62731E-73
body	spine	N	4.78	0.54890865	401	343	0.52675649	19.56727072	997	2.08299E-72
body	shoulder	N	2.88	0.49499875	224	261	0.525844069	19.52040789	997	4.04595E-72
body	nerve	N	3.13	0.3784305	250	134	0.525789874	19.51762732	997	4.20841E-72
body	stomach	N	3.93	0.49286774	327.5	257	0.525985106	19.52764557	997	3.65182E-72
bone	jaw	N	4.17	0.6779803	347.5	546	0.525708328	19.51344407	997	4.46519E-72
bone	elbow	N	3.78	0.52528703	313	305	0.524822181	19.46803328	997	8.4899E-72
bone	neck	N	2.53	0.6682344	192	531	0.524378439	19.44532651	997	1.1704E-71
bone	teeth	N	4.17	0.61486435	345	464	0.526063965	19.53169344	997	3.44835E-72
bone	knee	N	4.17	0.55416536	344.5	346	0.525131687	19.48388404	997	6.78466E-72
bone	ankle	N	3.82	0.5219291	315.5	298	0.524408862	19.44688261	997	1.14494E-71
book	story	N	5.63	0.7087915	486	588	0.523967759	19.42433099	997	1.57468E-71
book	information	N	5	0.25491062	420.5	57	0.520944014	19.270318	997	1.38208E-70
book	article	N	5.43	0.7205737	462	609	0.523269819	19.38869253	997	2.60484E-71
book	bible	N	5	0.39657435	420	150	0.520502019	19.24788901	997	1.89509E-70
book	theme	N	2.58	0.5037822	197.5	266	0.521478908	19.29748964	997	9.4265E-71
book	literature	N	7.53	0.49204066	641	253	0.521538018	19.30049423	997	9.03583E-71
book	essay	N	4.72	0.78920066	381	690	0.522373958	19.34302643	997	4.96146E-71
book	topic	N	2.07	0.49543387	156	256	0.521210876	19.2838702	997	1.14199E-70
book	text	N	6.35	0.5984551	545	421	0.521461131	19.29658608	997	9.54726E-71
bottle	container	N	7.93	0.66717285	669.5	521	0.519134409	19.17862392	997	5.01828E-70
bottom	side	N	2.63	0.5546366	205	340	0.514671368	18.95398021	997	1.16785E-68
bottom	top	N	0.7	0.6629469	53	512	0.514880325	18.96445073	997	1.0089E-68
boundary	border	N	9.08	0.7600334	730	650	0.519344106	19.1892313	997	4.32347E-70
bowl	tail	N	0.48	0.6830318	28.5	544	0.512063647	18.823696	997	7.18901E-68
box	elevator	N	1.32	0.39234313	105	145	0.517823739	19.11243199	997	1.27076E-69
box	booth	N	3.8	0.5444523	307	326	0.517835682	19.11303429	997	1.26007E-69
box	hat	N	1.3	0.5153193	103.5	281	0.517278029	19.0849266	997	1.86875E-69
box	cigar	N	1.25	0.27621925	100	68	0.518085675	19.12564561	997	1.05576E-69
boy	kid	N	7.5	0.5553467	627.5	337	0.51789002	19.11577491	997	1.21256E-69
boy	son	N	6.75	0.46090278	569.5	216	0.516739234	19.05780096	997	2.73286E-69
boy	partner	N	1.9	0.36008397	139	116	0.517770925	19.10976858	997	1.31913E-69
boy	soldier	N	2.15	0.641941	152	481	0.517724094	19.10740718	997	1.36355E-69
boy	brother	N	6.67	0.47032666	560.5	222	0.519774902	19.21103766	997	3.18219E-70
bread	flour	N	3.33	0.75910914	254.5	638	0.520627824	19.25427079	997	1.73232E-70
bread	cheese	N	1.95	0.76301134	141.5	645	0.52211196	19.32968787	997	5.98809E-71
breakfast	supper	N	4.4	0.6137721	346	442	0.526881138	19.57368002	997	1.90209E-72
breakfast	bacon	N	4.37	0.57669085	344	369	0.525773343	19.51677926	997	4.25925E-72
bride	princess	N	2.8	0.60624295	207.5	425	0.524822256	19.46803713	997	8.48944E-72
brother	soul	N	0.97	0.41658756	69	168	0.525494555	19.50248121	997	5.21479E-72
brother	son	N	3.48	0.859557	264	714	0.525731362	19.51462562	997	4.39112E-72
brow	eye	N	3.82	0.38528565	299	140	0.528025411	19.63259943	997	8.24583E-73
bubble	suds	N	8.57	0	686	8	0.528385366	19.65116439	997	6.33518E-73
buddy	companion	N	8.65	0.4738974	687.5	223	0.537338758	20.11774963	997	8.11839E-76
business	company	N	9.02	0.60053176	706	411	0.539499929	20.23178883	997	1.57839E-76
business	industry	N	7.02	0.5593273	571	337	0.536844046	20.09172357	997	1.17912E-75
butter	potato	N	1.22	0.82638574	96	688	0.535521683	20.0222989	997	3.18786E-75
cab	bus	N	5.6	0.5398025	458.5	310	0.543060647	20.42091198	997	1.03519E-77
cabin	hut	N	6.53	0.588067	541	386	0.542063549	20.36779621	997	2.22729E-77
calf	bull	N	4.93	0.7001632	392.5	549	0.539897408	20.25282395	997	1.16637E-76
camera	president	N	0.48	0.03766987	28	13	0.537943181	20.14958699	997	5.14126E-76
camp	cabin	N	4.2	0.47773096	327	228	0.537340908	20.11786279	997	8.10522E-76
cancer	sickness	N	7.93	0.668823	642	498	0.537113444	20.10589259	997	9.62333E-76
canyon	valley	N	6.75	0.61696035	552	440	0.532536723	19.86634374	997	2.96142E-74
capability	competence	N	7.62	0.46533147	614.5	216	0.52937055	19.70205125	997	3.07424E-73
captain	sailor	N	5	0.5575642	395.5	329	0.530962671	19.78452207	997	9.50749E-74
car	highway	N	3.4	0.4610922	254	211	0.529790893	19.72379652	997	2.25653E-73
car	cab	N	7.42	0.5387484	596	304	0.529654479	19.71673733	997	2.49485E-73
car	factory	N	2.75	0.65706635	201.5	479	0.528946747	19.68014737	997	4.1971E-73
car	elevator	N	1.03	0.48801288	75	234	0.530159146	19.74286369	997	1.72041E-73
car	bicycle	N	3.47	0.638157	257	459	0.530933547	19.78301085	997	9.71435E-74
car	horn	N	2.57	0.34930387	182.5	109	0.530973075	19.78506197	997	9.43466E-74
car	bridge	N	0.95	0.5872472	65.5	376	0.531048565	19.78897961	997	8.92261E-74
car	gauge	N	1.13	0.19518538	85.5	43	0.533679497	19.92592703	997	1.26488E-74
car	hose	N	0.87	0.40848	58.5	154	0.533408203	19.91176825	997	1.54841E-74
car	carriage	N	5.13	0.7373119	396	588	0.533633142	19.92350717	997	1.30938E-74
card	bridge	N	1.97	0.42539176	136	173	0.531398752	19.80716156	997	6.88641E-74
cat	pet	N	5.95	0.54070145	477	302	0.531473652	19.8110523	997	6.51498E-74
cat	rabbit	N	2.37	0.64608103	158	459	0.530423479	19.75655975	997	1.41572E-73
cat	lion	N	6.75	0.71766865	538.5	556	0.532398184	19.85913077	997	3.2824E-74
cattle	beef	N	7.03	0.7986553	550.5	648	0.527658852	19.61370895	997	1.07812E-72
ceiling	cathedral	N	2.42	0.3596017	165	111	0.521749721	19.3112583	997	7.76427E-71
celebration	ceremony	N	7.72	0.7307133	610	573	0.521770282	19.31230401	997	7.65069E-71
cent	size	N	0.4	0.34363207	15	105	0.515492397	18.99514722	997	6.5685E-69
cent	wife	N	0.58	0.26923925	36	60	0.515460486	18.99354588	997	6.71726E-69
cereal	wheat	N	3.75	0.8319066	279.5	666	0.515086477	18.97478519	997	8.73201E-69
chair	bench	N	6.67	0.5209113	529	269	0.516278607	19.03463516	997	3.78008E-69
champion	winner	N	8.73	0.67822295	657.5	491	0.515763614	19.00876193	997	5.42946E-69
chapter	choice	N	0.48	0.14085574	26.5	27	0.510210242	18.73152758	997	2.59115E-67
chapter	tail	N	0.3	0.11556855	5	21	0.509613448	18.70192476	997	3.90895E-67
charcoal	coal	N	7.63	0.64489317	595	452	0.508898088	18.66648868	997	6.392E-67
cheek	tongue	N	4.52	0.45253277	330	189	0.504458407	18.44772408	997	1.31781E-65
chemistry	theory	N	3.17	0.56644714	223.5	328	0.504479248	18.4487464	997	1.29936E-65
chicken	steak	N	3.73	0.69829077	273	516	0.504396969	18.44471061	997	1.37374E-65
chicken	rice	N	1.43	0.78116786	97	618	0.504303956	18.44014912	997	1.46293E-65
chief	mayor	N	4.85	0.5675084	357.5	329	0.511134302	18.77743608	997	1.36868E-67
child	boy	N	5.75	0.6644135	446.5	469	0.509856788	18.71399077	997	3.30592E-67
child	adult	N	2.98	0.5576601	203	314	0.506573454	18.55169504	997	3.1346E-66
chocolate	pie	N	2.27	0.5838972	142.5	354	0.506684996	18.55719065	997	2.90516E-66
choice	vein	N	0.98	0.20301735	65	43	0.507919937	18.61811949	997	1.24983E-66
church	choir	N	2.95	0.3829667	196.5	125	0.507541467	18.59943032	997	1.61911E-66
circumstance	situation	N	7.85	0.502475	600.5	237	0.507615696	18.60309467	997	1.539E-66
classroom	hallway	N	2	0	133	7.5	0.508243308	18.63409929	997	1.00157E-66
cliff	tail	N	0.3	0.66647017	4.5	464	0.5083148	18.63763361	997	9.5369E-67
clothes	fabric	N	5.87	0.46457642	451.5	201	0.514751216	18.95798073	997	1.10437E-68
clothes	drawer	N	3.02	0.27034247	202.5	57	0.515133976	18.97716698	997	8.44606E-69
clothes	jacket	N	5.15	0.6206003	380	416	0.515578166	18.99945185	997	6.1847E-69
clothes	coat	N	5.35	0.62520856	395	419	0.513482659	18.89450303	997	2.67933E-68
clothes	cloth	N	5.47	0.72259337	406.5	538	0.511153582	18.77839487	997	1.35055E-67
clothes	closet	N	3.27	0.5930041	221.5	364	0.50805402	18.62474408	997	1.14022E-66
clothes	button	N	2.3	0.41543093	141.5	151	0.50813042	18.62851956	997	1.0821E-66
cloud	mist	N	6.67	0.70847696	507.5	511	0.508153668	18.62966852	997	1.06501E-66
cloud	haze	N	7.32	0.60188305	551.5	378	0.503264727	18.38924241	997	2.95058E-65
cloud	storm	N	5.6	0.5854669	420	348	0.500019538	18.23096172	997	2.59778E-64
cloud	weather	N	4.87	0.42087665	351	157	0.497929208	18.12955139	997	1.04171E-63
cloud	fog	N	6	0.70420426	452.5	507	0.498387579	18.15175272	997	7.68856E-64
club	society	N	5.23	0.376304	383	114	0.494240572	17.95162293	997	1.1801E-62
code	symbol	N	6.03	0.41496462	453.5	149	0.495689564	18.02136346	997	4.56404E-63
college	profession	N	3.12	0.56925094	209.5	319	0.497160573	18.09236774	997	1.73172E-63
college	class	N	4.13	0.31700963	291.5	82	0.497162775	18.0924742	997	1.72921E-63
comfort	safety	N	5.8	0.5945241	433.5	362	0.498204954	18.1429048	997	8.67803E-64
communication	television	N	5.6	0.3256944	415.5	89	0.495758326	18.02467795	997	4.36236E-63
communication	language	N	7.47	0.36791927	549.5	108	0.498184665	18.14192201	997	8.7955E-64
communication	conversation	N	8.02	0.40891716	584.5	141	0.502287543	18.34147247	997	5.69434E-65
competence	ability	N	7.5	0.5252946	553	259	0.505959329	18.52145981	997	4.76127E-66
composer	writer	N	6.58	0.86555845	493	641	0.505579801	18.50279346	997	6.16211E-66
condition	boy	N	0.48	0.3840013	24	120	0.49917716	18.19004372	997	4.55161E-64
confidence	self	N	3.12	0.3797021	208	115	0.49932188	18.19706853	997	4.13399E-64
container	mouse	N	0.3	0.56009597	4	300	0.49949914	18.20567557	997	3.67408E-64
cop	sheriff	N	9.05	0.4738906	633	194	0.502628736	18.35814111	997	4.52742E-65
corporation	business	N	9.02	0.59670925	631.5	356	0.505262227	18.48718529	997	7.6444E-66
cottage	cabin	N	7.72	0.5022691	566.5	222	0.502245213	18.33940527	997	5.85857E-65
couch	baseball	N	0.88	0.26934776	53	56	0.503110785	18.38171063	997	3.27304E-65
couple	pair	N	8.33	0.5495219	601	286	0.502746324	18.36388837	997	4.18313E-65
course	stomach	N	0.58	0.2784582	30.5	58	0.501857341	18.32047173	997	7.60074E-65
cousin	uncle	N	4.63	0.8079721	314	600	0.501452132	18.30070768	997	9.97285E-65
cow	goat	N	2.93	0.7609981	187.5	557	0.500213989	18.24041686	997	2.28182E-64
cow	cattle	N	9.52	0.38302857	636	116	0.502985167	18.37556644	997	3.56197E-65
creator	maker	N	9.62	0.41758382	636	142	0.509264702	18.68464274	997	4.96872E-67
crib	cradle	N	8.55	0.65884054	605	426	0.514585388	18.94967319	997	1.24029E-68
crime	violation	N	7.12	0.40040657	516	128	0.50934204	18.68847412	997	4.71141E-67
crime	fraud	N	5.65	0.68286943	411.5	455	0.512910458	18.86592562	997	3.9913E-68
crime	theft	N	7.53	0.48052108	544.5	199	0.509153864	18.67915279	997	5.36205E-67
crowd	parade	N	3.93	0.42480096	270	147	0.510773121	18.75948167	997	1.7569E-67
crowd	bunch	N	7.42	0.47081754	534.5	186	0.511020548	18.77177989	997	1.48072E-67
cup	cone	N	3.17	0.4123233	207	137	0.513015614	18.87117488	997	3.70962E-68
cup	jar	N	5.13	0.45018262	361.5	166	0.513099602	18.87536826	997	3.49893E-68
curve	angle	N	3.33	0.73673934	217	522	0.513679201	18.9043268	997	2.33612E-68
dad	mother	N	3.55	0.61445	230.5	374	0.514849888	18.96292532	997	1.03063E-68
danger	disease	N	3	0.5171072	193.5	233	0.514513055	18.94605044	997	1.30467E-68
danger	threat	N	8.78	0.7675376	602	551	0.514372576	18.93901615	997	1.43937E-68
date	calendar	N	4.42	0.5722071	298.5	304	0.505321172	18.49008158	997	7.34472E-66
daughter	kid	N	4.17	0.4824565	283	196	0.504070242	18.42869128	997	1.71331E-65
day	morning	N	4.87	0.6721061	334.5	429	0.503808433	18.41586252	997	2.04472E-65
day	dawn	N	5.47	0.421294	384	143	0.501319486	18.29424137	997	1.08993E-64
death	burial	N	4.93	0.29340735	342	72	0.502569827	18.35526233	997	4.71036E-65
death	catastrophe	N	4.13	0.40433243	280	130	0.504890534	18.46893009	997	9.83526E-66
death	tragedy	N	5.8	0.47553942	412	183	0.505418495	18.49486432	997	6.8753E-66
decade	century	N	3.48	0.5329175	225.5	249	0.506037924	18.52532719	997	4.51346E-66
deck	mouse	N	0.48	0.6325374	22.5	383	0.505605985	18.50408081	997	6.0535E-66
denial	confession	N	1.03	0.6504527	61.5	402	0.510703726	18.75603356	997	1.84318E-67
dentist	colonel	N	0.4	0.6784882	11.5	429	0.515058301	18.97337245	997	8.90616E-69
depth	magnitude	N	6.12	0.663502	430.5	414	0.521929647	19.32041055	997	6.8247E-71
despair	misery	N	7.22	0.601718	503.5	341	0.51796022	19.11931597	997	1.1538E-69
destruction	construction	N	0.98	0.46246025	57.5	177	0.514855542	18.96320867	997	1.02656E-68
dictionary	definition	N	6.25	0.52537614	437.5	238	0.515541344	18.9976037	997	6.34666E-69
diet	apple	N	1.18	0.3632879	74.5	102	0.514966079	18.96874907	997	9.50072E-69
diet	salad	N	2.98	0.3181294	186.5	79	0.5149083	18.96585287	997	9.89318E-69
dinner	soup	N	3.72	0.2560566	240.5	51	0.515258986	18.9834366	997	7.73724E-69
dinner	chicken	N	2.85	0.17857404	177.5	36	0.516501801	19.0458572	997	3.23046E-69
dinner	breakfast	N	3.33	0.6356474	208.5	379	0.517103794	19.07615134	997	2.11331E-69
disc	computer	N	3.2	0.38065925	200	108	0.517170171	19.07949403	997	2.0166E-69
discussion	argument	N	5.48	0.5503058	373	264	0.517410117	19.09158128	997	1.70232E-69
disease	infection	N	7.15	0.84329104	490	583	0.516145802	19.02796038	997	4.1503E-69
doctor	orthodontist	N	5.58	0	382	7	0.508200685	18.63199242	997	1.03125E-66
doctor	temper	N	0.48	0.33035997	21	84	0.513441371	18.89243983	997	2.75757E-68
doctor	professor	N	4.65	0.5153754	293	217	0.513307926	18.88577271	997	3.02633E-68
dog	horse	N	2.38	0.8155771	140.5	563	0.512754037	18.85811944	997	4.45015E-68
dog	cat	N	1.75	0.86042076	104	588	0.518011695	19.12191286	997	1.11252E-69
dollar	people	N	0.4	0.1274819	11	21	0.526004705	19.52865156	997	3.60016E-72
door	cellar	N	1.97	0.5820862	116.5	295	0.525263506	19.49063816	997	6.16631E-72
door	corridor	N	3.73	0.51341665	235.5	213	0.526581528	19.55827725	997	2.36617E-72
door	floor	N	1.67	0.68384993	96.5	423	0.526177212	19.53750762	997	3.17575E-72
door	doorway	N	5.4	0.57285774	359	285	0.530328593	19.75164244	997	1.51836E-73
door	gate	N	5.25	0.7779484	345	531	0.52865336	19.66499591	997	5.20523E-73
door	kitchen	N	1.67	0.5893202	96	308	0.525476177	19.50153901	997	5.28479E-72
driver	pilot	N	6.28	0.77784795	422.5	529	0.527487479	19.60488255	997	1.22195E-72
drizzle	rain	N	9.17	0.3783843	581	104	0.521791738	19.31339526	997	7.53394E-71
effort	difficulty	N	4.45	0.47926983	279.5	179	0.528879041	19.67664993	997	4.41096E-73
elbow	ankle	N	3.13	0.7947028	189.5	543	0.528712346	19.66804134	997	4.98484E-73
elegance	style	N	5.72	0.32903138	379	82	0.531838753	19.83002685	997	4.9711E-74
emotion	passion	N	7.72	0.5863468	513	297	0.534933886	19.9915056	997	4.95319E-75
employer	employee	N	3.65	0.67795426	223.5	404	0.532692822	19.87447364	997	2.63705E-74
endurance	band	N	0.4	0.060368743	10.5	11	0.532600495	19.86966479	997	2.82436E-74
endurance	strength	N	6.58	0.5884933	439.5	301	0.531767754	19.82633574	997	5.23969E-74
era	decade	N	5.4	0.5231946	352.5	220	0.529274223	19.69707086	997	3.2998E-73
evening	dusk	N	7.78	0.41712746	511.5	126	0.528572179	19.66080521	997	5.5245E-73
exit	doorway	N	5.5	0.34504655	360	86	0.533110234	19.89622714	997	1.93315E-74
eye	tear	N	3.55	0.40096384	210	116	0.53587635	20.04089873	997	2.44252E-75
fact	insight	N	4.77	0.21302266	293	39	0.536132705	20.05435209	997	2.01442E-75
father	parent	N	7.07	0.29244602	459.5	65	0.538841204	20.19697022	997	2.60347E-76
father	god	N	3.57	0.4749636	213	165	0.54495558	20.52219393	997	2.39629E-78
father	daughter	N	2.62	0.69863063	154	423	0.544833341	20.51564695	997	2.63425E-78
father	brother	N	4.2	0.7811698	258.5	516	0.547184304	20.64188947	997	4.2355E-79
fee	salary	N	3.72	0.73958826	224	478	0.546904397	20.62682262	997	5.26914E-79
fee	payment	N	7.15	0.7155458	461.5	445	0.547576325	20.66300789	997	3.11841E-79
fever	illness	N	7.65	0.62321085	494	347	0.541444158	20.33486238	997	3.58032E-77
finger	palm	N	3.33	0.45287916	197	148	0.537278038	20.11455368	997	8.49921E-76
floor	ceiling	N	1.73	0.62020904	97.5	344	0.537229633	20.11200622	997	8.8155E-76
floor	deck	N	5.55	0.75674516	354.5	487	0.540122432	20.26474098	997	9.82613E-77
flower	violet	N	6.95	0.5898254	445.5	294	0.535969936	20.04580916	997	2.27664E-75
flower	bulb	N	4.48	0.58649325	270	289	0.533326085	19.90748419	997	1.6461E-74
flower	endurance	N	0.4	0.32154378	10	74	0.531932206	19.83488613	997	4.63835E-74
flower	bush	N	4.25	0.5930798	257	296	0.531785165	19.82724084	997	5.17252E-74
flu	fever	N	6.08	0.57090294	389.5	268	0.530523554	19.76174707	997	1.31495E-73
foot	head	N	2.3	0.4860922	123	171	0.528550914	19.65970758	997	5.61131E-73
formula	log	N	1.77	0.46077597	100	157	0.528725196	19.66870488	997	4.93807E-73
formula	equation	N	7.95	0.84452677	498	541	0.528988604	19.6823098	997	4.07009E-73
fraternity	baseball	N	0.88	0.2631154	45.5	46	0.519036007	19.17364798	997	5.38159E-70
fraternity	door	N	0.68	0.1555828	31.5	28	0.51860949	19.15209209	997	7.28402E-70
friend	mother	N	2.53	0.5825735	139.5	276	0.517983265	19.12047855	997	1.13513E-69
friend	guy	N	3.88	0.3919996	227	101	0.518743882	19.15888208	997	6.62169E-70
friend	buddy	N	8.78	0.3738859	531.5	92	0.519313184	19.18766685	997	4.41956E-70
friend	guest	N	4.25	0.4046585	250.5	110	0.526791478	19.5690696	997	2.03055E-72
friend	teacher	N	2.62	0.668401	146.5	369	0.527478639	19.60442733	997	1.22987E-72
frustration	anger	N	6.5	0.72574574	412.5	439	0.529300871	19.69844858	997	3.2358E-73
fun	football	N	1.97	0.09763219	108	13	0.523271139	19.38875987	997	2.60236E-71
game	action	N	4.85	0.40501952	287	109	0.523336609	19.39210062	997	2.48247E-71
game	fun	N	3.42	0.25570637	193	43	0.524475483	19.45029051	997	1.09109E-71
game	trick	N	2.32	0.5155622	120.5	194	0.525499903	19.5027554	997	5.19459E-72
girl	child	N	5.38	0.60642445	327	302	0.525842817	19.52034364	997	4.04963E-72
girl	maid	N	2.93	0.5573117	162	239	0.523383394	19.39448827	997	2.40018E-71
glass	crystal	N	6.27	0.64954674	385.5	347	0.523433471	19.39704415	997	2.31511E-71
goal	quest	N	5.83	0.42998514	358.5	123	0.519393179	19.1917143	997	4.17522E-70
god	devil	N	1.8	0.55574304	99	236	0.521234098	19.28504987	997	1.12317E-70
god	prey	N	1.23	0.31846055	70.5	68	0.522358412	19.34223472	997	5.01716E-71
god	spirit	N	7.3	0.71736944	443.5	420	0.522152689	19.3317609	997	5.81562E-71
god	priest	N	4.5	0.60625386	254	296	0.515388349	18.98992626	997	7.06604E-69
gossip	news	N	5.22	0.39299268	309.5	97	0.51388151	18.91444307	997	2.02852E-68
grass	blade	N	4.57	0.6098339	254	301	0.515701568	19.00564659	997	5.67133E-69
grass	moss	N	5	0.57178855	293	254	0.514150015	18.92787601	997	1.68165E-68
groom	bride	N	3.17	0.5272352	175.5	204	0.512521869	18.84653784	997	5.22967E-68
guitar	drum	N	3.78	0.73919296	213.5	441	0.512284135	18.83468431	997	6.16877E-68
gun	cannon	N	5.68	0.77375776	337	473	0.512450245	18.84296603	997	5.49653E-68
gun	dawn	N	1.18	0.03619	68	10	0.50767607	18.60607547	997	1.47676E-66
gun	trick	N	0.48	0.4544202	17.5	138	0.50726472	18.58577353	997	1.95612E-66
gun	fur	N	0.3	0.40076068	3.5	103	0.508177863	18.63086437	997	1.0475E-66
gun	knife	N	3.65	0.61317754	200	301	0.508579405	18.65071924	997	7.95462E-67
gut	nerve	N	4.93	0.7333423	282.5	431	0.508088335	18.62643975	997	1.11374E-66
guy	partner	N	3.57	0.33153337	192.5	73	0.505375737	18.49276295	997	7.07774E-66
guy	stud	N	5.83	0.08638504	343	11	0.50601688	18.52429162	997	4.57853E-66
guy	girl	N	3.33	0.58377415	179.5	260	0.511794635	18.81029618	997	8.66368E-68
hallway	corridor	N	9.28	0	520	6.5	0.511577341	18.79947801	997	1.00717E-67
hand	foot	N	4.17	0.5799385	231.5	250	0.525205896	19.48768608	997	6.42933E-72
hand	thumb	N	3.88	0.5358027	211.5	206	0.52415994	19.4341537	997	1.37061E-71
hand	wrist	N	3.97	0.44394556	216.5	125	0.523564002	19.40370767	997	2.10721E-71
happiness	luck	N	2.38	0.7300441	121	419	0.523748657	19.41313733	997	1.84446E-71
happiness	peace	N	6.03	0.498501	349	163	0.527992533	19.63090446	997	8.44663E-73
hat	coat	N	2.67	0.6879525	144	368	0.528430238	19.65347973	997	6.13026E-73
head	nail	N	2.47	0.33882222	127.5	72	0.530520788	19.7616037	997	1.31763E-73
heart	surgery	N	1.08	0.5107943	57.5	173	0.530599491	19.76568401	997	1.24327E-73
helper	maid	N	5.58	0.6781735	316.5	349	0.531653478	19.82039606	997	5.70266E-74
hen	turkey	N	6.13	0.76262563	350	445	0.528252268	19.64429806	997	6.98399E-73
heroine	hero	N	8.78	0.6807623	492	352	0.522866613	19.36812836	997	3.482E-71
hill	cliff	N	4.28	0.8288409	230	488	0.516373781	19.03941979	997	3.53517E-69
hip	lip	N	1.43	0.36248836	74.5	79	0.516387663	19.04011776	997	3.50079E-69
hole	agreement	N	0.3	0.14831568	3	21	0.516272191	19.03431269	997	3.79719E-69
hole	wife	N	0.68	0.1902158	28	29	0.515403655	18.99069422	997	6.99056E-69
home	state	N	2.58	0.18389674	130	27	0.514747231	18.95778106	997	1.10745E-68
horn	drum	N	2.68	0.6591507	138	329	0.515131054	18.97702048	997	8.46337E-69
horse	colt	N	7.07	0.14284547	397	18	0.516824089	19.06207092	997	2.57419E-69
horse	mare	N	8.33	0.5850297	471.5	248	0.52495684	19.47492831	997	7.70104E-72
horse	ox	N	3.02	0.2856522	154	47	0.522952667	19.37251575	997	3.27296E-71
hose	garden	N	1.67	0.39335644	83.5	86	0.523517332	19.40132494	997	2.17932E-71
hound	fox	N	2.38	0.59342825	115.5	255	0.523446039	19.39768567	997	2.29424E-71
house	carpet	N	1.38	0.2824077	70	44	0.524650235	19.45923204	997	9.61514E-72
house	key	N	1.9	0.14474148	93.5	18	0.524352948	19.44402279	997	1.19217E-71
house	apartment	N	5.8	0.6199877	319.5	290	0.52428913	19.4407591	997	1.24845E-71
house	barn	N	4.33	0.4938577	221	148	0.521295068	19.28814739	997	1.07523E-70
hymn	conquest	N	0.68	0.14054754	27.5	17	0.521140811	19.28031131	997	1.20068E-70
hymn	straw	N	0.4	0.28168505	7.5	41	0.520368006	19.2410927	997	2.08525E-70
hysteria	confusion	N	6.33	0.42501405	348.5	99	0.519775427	19.21106423	997	3.181E-70
idea	scheme	N	6.75	0.4719264	372	130	0.522626989	19.35591559	997	4.13674E-71
idea	image	N	3.55	0.64029324	172.5	301	0.524721492	19.46287903	997	9.13185E-72
ignorance	intelligence	N	1.5	0.41646117	72	93	0.524847742	19.46934195	997	8.33421E-72
illness	infection	N	6.9	0.74587965	376.5	407	0.524830056	19.46843646	997	8.44163E-72
insect	bee	N	6.07	0.57951885	329.5	229	0.518259117	19.13439913	997	9.33733E-70
intelligence	logic	N	6.5	0.4757256	358	129	0.516405912	19.04103535	997	3.4561E-69
intelligence	skill	N	5.35	0.53871095	283.5	188	0.518271277	19.13501298	997	9.25724E-70
intelligence	insight	N	5.9	0.38438946	318	79	0.517459596	19.09407458	997	1.64384E-69
island	task	N	0.3	0.23670603	2.5	29	0.520541501	19.24989168	997	1.84243E-70
jail	choice	N	1.08	0.14693506	52	17	0.519761598	19.21036395	997	3.21248E-70
jar	bottle	N	7.83	0.73250186	422	389	0.519201861	19.18203543	997	4.78344E-70
job	management	N	3.97	0.47708142	196	127	0.511430408	18.79216561	997	1.11507E-67
journey	conquest	N	4.72	0.5994475	229.5	247	0.511466025	18.79393796	997	1.0879E-67
journey	trip	N	8.88	0.8574805	468.5	471	0.51007508	18.72481994	997	2.84423E-67
joy	pride	N	5	0.63761467	256.5	291	0.497789739	18.12280023	997	1.14246E-63
kidney	organ	N	6.17	0.29234058	327	46	0.49536577	18.00576187	997	5.64566E-63
king	princess	N	3.27	0.6508177	157	297	0.500287391	18.24398696	997	2.17277E-64
lady	gentleman	N	3.42	0.5193533	163.5	162	0.500680816	18.2631312	997	1.6708E-64
lake	swamp	N	4.92	0.58637816	248	229	0.500437977	18.25131275	997	1.965E-64
lawyer	banker	N	1.88	0.6944342	85.5	338	0.498848102	18.17407861	997	5.664E-64
leader	manager	N	7.27	0.54920393	379.5	194	0.503123579	18.38233655	997	3.24495E-65
leg	arm	N	2.88	0.7645551	135.5	407	0.502389167	18.34643599	997	5.31853E-65
lemon	tea	N	1.6	0.7221165	73.5	368	0.505945369	18.52077296	997	4.80668E-66
lens	camera	N	4.28	0.67546946	207.5	313	0.512088874	18.82495294	997	7.06426E-68
letter	paragraph	N	4	0.5104566	194.5	151	0.510936014	18.76757744	997	1.56984E-67
limb	leg	N	6.9	0.60206616	358	244	0.510616981	18.75172405	997	1.95699E-67
linen	fabric	N	7.47	0.5717331	386	216	0.507695503	18.607035	997	1.45726E-66
liquor	century	N	0.4	0.10415618	6	10	0.505890644	18.51808061	997	4.98889E-66
liquor	band	N	0.68	0.14013223	24	15	0.504815616	18.46525229	997	1.03473E-65
liver	lung	N	2.7	0.8405042	125.5	448	0.503942983	18.42245468	997	1.86713E-65
log	bath	N	0.4	0.45887023	5.5	116	0.509736272	18.70801421	997	3.59202E-67
log	timber	N	8.05	0.19713916	410	22	0.510743665	18.758018	997	1.79302E-67
logic	arithmetic	N	3.97	0.74625945	186.5	382	0.521154118	19.2809872	997	1.1893E-70
loop	belt	N	3.1	0.64845437	143.5	285	0.521576284	19.30243947	997	8.79156E-71
lover	companion	N	5.97	0.7568296	302.5	388	0.522446989	19.34674581	997	4.70792E-71
machine	engine	N	5.58	0.61610824	280	260	0.517328035	19.08744574	997	1.80392E-69
man	victor	N	1.9	0.3191676	83	50	0.514494808	18.94513663	997	1.32143E-68
man	child	N	4.13	0.7220818	193.5	356	0.514331046	18.93693703	997	1.48178E-68
man	husband	N	5.32	0.5336325	259.5	171	0.514003195	18.92052987	997	1.86328E-68
man	father	N	4.83	0.5617851	227	197	0.51319219	18.87999188	997	3.28044E-68
man	uncle	N	3.92	0.36729985	182.5	64	0.512003627	18.82070565	997	7.49471E-68
man	warrior	N	4.72	0.6720657	213	296	0.512915728	18.86618868	997	3.97669E-68
man	sentry	N	3.25	0.10911857	146.5	11	0.511339158	18.78762547	997	1.18779E-67
marijuana	herb	N	6.5	0.5229021	326.5	157	0.512533181	18.84710198	997	5.18872E-68
meal	dinner	N	7.15	0.49650547	353	132	0.512583851	18.84962921	997	5.00916E-68
meal	waist	N	0.98	0.41292745	41	82	0.514275321	18.93414751	997	1.54064E-68
meat	bread	N	1.67	0.8397166	72	431	0.514301406	18.93545324	997	1.5128E-68
meat	bacon	N	5.8	0.6634184	284	286	0.524417173	19.44730768	997	1.13808E-71
meat	sandwich	N	2.35	0.43050814	97	91	0.520831516	19.2646073	997	1.49778E-70
medium	news	N	3.65	0.21523735	162.5	23	0.520820271	19.26403653	997	1.50986E-70
men	fraternity	N	3.13	0.105680235	140	10	0.522228808	19.33563576	997	5.50642E-71
menu	order	N	3.62	0.23707816	156.5	22	0.523350341	19.39280143	997	2.45803E-71
metal	aluminum	N	7.25	0.613049	349	242	0.524652622	19.45935421	997	9.59854E-72
meter	inch	N	5.08	0.7614392	234	376	0.521311988	19.28900703	997	1.06229E-70
meter	yard	N	5.6	0.6464639	266	270	0.518988959	19.17126923	997	5.56443E-70
milk	juice	N	4.05	0.82436	182	413	0.515900201	19.01562132	997	4.93259E-69
mink	fur	N	6.83	0	327.5	6	0.51727131	19.08458815	997	1.87764E-69
mob	crowd	N	7.85	0.60227096	379	226	0.525728717	19.51448993	997	4.39957E-72
molecule	air	N	3.05	0.27343017	137	27	0.522798628	19.36466274	997	3.6565E-71
molecule	atom	N	6.45	0.8710247	310	427	0.523652575	19.40823027	997	1.97683E-71
money	capital	N	6.67	0.41802752	320	78	0.516832294	19.06248384	997	2.55935E-69
money	salary	N	7.88	0.45477256	377	101	0.520769406	19.261455	997	1.56573E-70
money	diamond	N	3.42	0.27857354	148	28	0.525270514	19.49099726	997	6.13505E-72
money	pearl	N	2.1	-0.014087107	87	3	0.526414203	19.5496796	997	2.67274E-72
monster	demon	N	6.95	0.63369423	326	252	0.52652689	19.55546946	997	2.46222E-72
mood	emotion	N	8.12	0.75615853	384	361	0.522542917	19.35163227	997	4.39438E-71
moon	planet	N	5.87	0.67184687	276	276	0.513125049	18.87663892	997	3.43748E-68
motel	inn	N	8.17	0.4208241	384	76	0.509118642	18.6774085	997	5.49342E-67
mother	wife	N	3.02	0.814341	132.5	398	0.515987736	19.02001833	997	4.63824E-69
mother	guardian	N	6.5	0.6073843	310	227	0.520550763	19.25036148	997	1.83029E-70
motor	boat	N	2.57	0.50542253	110	125	0.5172719	19.08461788	997	1.87686E-69
motor	engine	N	8.65	0.5587419	400	175	0.517309049	19.08648925	997	1.82827E-69
mountain	ledge	N	3.73	0.41785735	161	75	0.517371415	19.08963127	997	1.74949E-69
mouse	management	N	0.48	0.314058	11	39	0.517938597	19.11822522	997	1.17159E-69
mouse	cat	N	1.12	0.4888859	48	112	0.517318883	19.08698468	997	1.81561E-69
mouth	lip	N	7.1	0.5833671	326.5	197	0.517870597	19.11479522	997	1.22933E-69
mouth	tooth	N	6.3	0.46139854	293.5	100	0.515775324	19.00934992	997	5.38498E-69
movie	film	N	8.87	0.88939154	403	412	0.518150002	19.12889181	997	1.00875E-69
mud	dirt	N	7.32	0.7884988	336	374	0.504534895	18.45147624	997	1.25134E-65
muscle	tongue	N	5	0.24719067	221	22	0.494888294	17.98277345	997	7.72217E-63
muscle	bone	N	3.65	0.7205222	153	321	0.498873454	18.17530828	997	5.56943E-64
music	melody	N	6.98	0.6156482	316	229	0.499569242	18.2090803	997	3.50658E-64
nail	hand	N	3.42	0.35700163	142.5	50	0.495499009	18.01218062	997	5.17272E-63
nail	thumb	N	3.55	0.5154218	145	131	0.496287449	18.05019795	997	3.07989E-63
navy	army	N	6.43	0.749231	295.5	342	0.496032654	18.03790567	997	3.64226E-63
neck	spine	N	5.32	0.79929954	235	377	0.488596442	17.68184253	997	4.57307E-61
nerve	brain	N	3.88	0.682657	162	272	0.484223985	17.47485506	997	7.41963E-60
newspaper	information	N	5.65	0.12420851	253	10	0.48358268	17.44464115	997	1.11278E-59
night	day	N	1.88	0.6905937	77	282	0.489856064	17.7417946	997	2.03383E-61
night	chapter	N	0.48	0.15900828	10.5	12	0.494406372	17.95959286	997	1.05879E-62
night	dawn	N	2.95	0.6011539	122	207	0.493233135	17.90325134	997	2.27824E-62
noise	rattle	N	6.17	0.24409895	274.5	19	0.493606636	17.9211737	997	1.78565E-62
north	west	N	3.63	0.9648899	145.5	400	0.500510258	18.2548299	997	1.87242E-64
nose	mouth	N	3.73	0.73983383	151.5	330	0.50434367	18.44209662	997	1.42417E-65
nurse	scientist	N	2.08	0.53072816	82	141	0.505582893	18.5029455	997	6.14918E-66
oak	maple	N	6.03	0.7593553	265.5	339	0.50618555	18.53259294	997	4.08219E-66
oil	mink	N	1.23	0	53	4.5	0.499960573	18.2280953	997	2.70192E-64
opinion	idea	N	5.7	0.63374054	248	233	0.499411118	18.20140117	997	3.89572E-64
opinion	choice	N	5.43	0.45426288	234.5	88	0.495693629	18.02155938	997	4.55186E-63
organ	liver	N	6.15	0.3624692	266	47	0.497188194	18.09370299	997	1.70042E-63
orthodontist	dentist	N	8.27	0	360	4	0.502051184	18.32993215	997	6.67373E-65
pact	agreement	N	9.02	0.7723635	383	342	0.516363529	19.03890435	997	3.56077E-69
pact	condition	N	2.45	0.3155438	96	33	0.503663234	18.40875065	997	2.25526E-65
page	paragraph	N	3.03	0.67414045	124.5	253	0.503911637	18.42091877	997	1.90708E-65
pain	harm	N	5.38	0.71549666	229.5	298	0.504988185	18.47372473	997	9.20548E-66
paper	cardboard	N	5.38	0.4822977	229	98	0.500590958	18.25875733	997	1.77417E-64
parent	adult	N	5.37	0.38450965	227.5	53	0.501608696	18.30834218	997	8.97965E-65
people	gun	N	0.68	0.12312796	20.5	7	0.504910558	18.4699132	997	9.70271E-66
people	party	N	2.2	0.28524864	80.5	22	0.503777077	18.41432653	997	2.08847E-65
people	balloon	N	0.48	0.080647245	10	5	0.503815724	18.4162197	997	2.03468E-65
people	cent	N	0.48	0.28645483	9.5	22	0.502471443	18.35045529	997	5.03243E-65
phrase	word	N	5.48	0.8045634	227.5	355	0.501420178	18.2991498	997	1.01886E-64
physician	doctor	N	8.88	0.72632027	371	301	0.496845555	18.07714475	997	2.13197E-63
pipe	cigar	N	6.03	0.48858625	252	94	0.485489808	17.53460015	997	3.32536E-60
plane	jet	N	8.1	0.43205777	338	69	0.487256333	17.61821907	997	1.07889E-60
plane	airport	N	3.65	0.32555956	138.5	31	0.494469835	17.9626442	997	1.01572E-62
plate	bowl	N	5.23	0.6069469	216.5	197	0.495920581	18.03250077	997	3.92093E-63
politician	president	N	7.38	0.5406897	303	135	0.493221564	17.90269633	997	2.29549E-62
pollution	president	N	0.68	-0.14862947	18	1	0.493578138	17.91980574	997	1.81918E-62
pollution	atmosphere	N	4.25	0.52835685	161	124	0.492244276	17.8558644	997	4.33597E-62
polyester	cotton	N	5.63	0.6363104	229.5	216	0.491808617	17.83501621	997	5.75346E-62
population	people	N	7.68	0.54141814	317.5	134	0.488167183	17.66144505	997	6.02271E-61
pot	appliance	N	2.53	0.3622653	95	38	0.488924894	17.69746124	997	3.70332E-61
presence	door	N	0.48	0.1535688	9	5	0.489191131	17.71012877	997	3.12073E-61
president	mayor	N	5.68	0.7963104	228.5	339	0.487733227	17.6408415	997	7.95266E-61
priest	monk	N	6.28	0.72614056	253	289	0.481887725	17.36496257	997	3.23478E-59
prince	king	N	5.92	0.8110651	239.5	342	0.474917311	17.03993337	997	2.44669E-57
princess	island	N	0.3	0.2652294	2	14	0.467697647	16.70764629	997	1.94661E-55
proof	fact	N	7.3	0.47592863	290	82	0.466236114	16.64090495	997	4.66172E-55
pupil	president	N	0.78	0.39376312	21.5	45	0.470342887	16.82888888	997	3.96414E-56
purse	bag	N	8.33	0.36883336	336	37	0.469774478	16.80278742	997	5.58689E-56
rabbi	minister	N	7.62	0.5263086	303	116	0.48135755	17.34009167	997	4.51099E-59
racket	noise	N	8.1	0.35519278	321.5	35	0.483295488	17.43112251	997	1.33388E-59
rail	fence	N	5.22	0.5378646	209	122	0.494721204	17.97473391	997	8.61567E-63
rain	mist	N	5.97	0.64441925	237	213	0.494462147	17.96227454	997	1.02084E-62
rat	mouse	N	7.78	0.5132631	311	103	0.490083524	17.75263619	997	1.75636E-61
ray	sunshine	N	6.83	0.39721966	269	44	0.493916871	17.93607018	997	1.4582E-62
reality	fantasy	N	1.03	0.4254483	33	53	0.501432347	18.29974307	997	1.01059E-64
reality	illusion	N	1.42	0.45427313	50	69	0.501092576	18.28318383	997	1.2687E-64
reflection	image	N	7.27	0.44901928	281	65	0.501017019	18.27950297	997	1.33448E-64
rhythm	melody	N	6.12	0.8303397	239	339	0.507451986	18.59501382	997	1.72122E-66
rice	boy	N	0.4	0.11434986	4	4	0.499390876	18.20041836	997	3.94853E-64
rice	bean	N	2.72	0.71942455	100	270	0.497741495	18.12046534	997	1.17952E-63
right	justice	N	7.05	0.47846147	268.5	76	0.500834546	18.27061588	997	1.50766E-64
river	stream	N	7.3	0.5129331	278.5	95	0.505700769	18.50874149	997	5.67603E-66
river	valley	N	1.67	0.8253486	57.5	329	0.509428884	18.69277717	997	4.43825E-67
river	sea	N	5.72	0.6940888	221.5	241	0.520891052	19.26762934	997	1.4354E-70
rod	curtain	N	3.03	0.78976923	110	315	0.515686075	19.00486876	997	5.73338E-69
roof	ceiling	N	7.58	0.77279377	286	302	0.520148593	19.22996969	997	2.43843E-70
roof	floor	N	2.62	0.710847	92	256	0.50889141	18.66615814	997	6.42138E-67
room	cell	N	4.58	0.3774756	157	36	0.512556642	18.8482721	997	5.1048E-68
room	bath	N	3.33	0.53891355	116	113	0.515250513	18.98301162	997	7.78335E-69
room	bed	N	2.35	0.65019405	77.5	203	0.514997165	18.97030744	997	9.29602E-69
root	grass	N	3.55	0.454095	119.5	65	0.517676408	19.10500294	997	1.41031E-69
salad	vinegar	N	1.13	0.6634146	39	210	0.518150282	19.12890593	997	1.00855E-69
sandwich	lunch	N	6.3	0.3984482	235	43	0.524194146	19.43590247	997	1.33715E-71
school	grade	N	4.42	0.39889184	150	43	0.530634886	19.76751928	997	1.21121E-73
school	law	N	1.13	0.29450214	38.5	21	0.532770906	19.87854149	997	2.48832E-74
science	psychology	N	4.92	0.748028	177.5	279	0.532075822	19.84235575	997	4.1697E-74
sea	ocean	N	8.27	0.7729747	304.5	292	0.529010113	19.6834211	997	4.00632E-73
second	minute	N	4.62	0.27529994	151	14	0.516381848	19.03982541	997	3.51515E-69
seed	mustard	N	3.48	0.51132065	116	88	0.520180291	19.23157627	997	2.38395E-70
sense	intuition	N	7.68	0.54245496	281	109	0.520183333	19.23173048	997	2.37878E-70
sheep	cattle	N	4.77	0.86802524	159.5	325	0.522760901	19.36273982	997	3.75705E-71
sheep	lamb	N	8.42	0.7661642	304	284	0.522032202	19.32562881	997	6.34073E-71
shelter	hut	N	6.47	0.5042962	236.5	80	0.508776741	18.66048283	997	6.9473E-67
shore	coast	N	8.83	0.848348	314.5	317	0.512248711	18.83291857	997	6.32239E-68
shoulder	head	N	3.42	0.5136883	115	88	0.494949157	17.98570252	997	7.42015E-63
sinner	saint	N	1.6	0.4928659	53	74	0.494911895	17.98390923	997	7.60363E-63
situation	condition	N	6.58	0.70397455	237	236	0.494983052	17.98733395	997	7.25707E-63
size	magnitude	N	6.33	0.5986177	227	155	0.486881477	17.60045153	997	1.37073E-60
sky	universe	N	4.68	0.55501425	151	115	0.483746689	17.45236463	997	1.00329E-59
snow	storm	N	4.8	0.5688957	162	127	0.482984116	17.41647394	997	1.62318E-59
snow	weather	N	5.48	0.6755966	196	204	0.48172437	17.35729683	997	3.58403E-59
sofa	chair	N	6.67	0.40422112	235.5	41	0.476637727	17.11976531	997	8.48987E-58
son	father	N	3.82	0.74277943	125.5	263	0.484346902	17.48065027	997	6.86438E-60
song	story	N	3.97	0.65991175	129	195	0.484593131	17.4922634	997	5.8734E-60
sorrow	shame	N	4.77	0.734678	154	256	0.483315986	17.43208712	997	1.31674E-59
south	north	N	2.2	0.97258127	67	315	0.480408883	17.29565082	997	8.16715E-59
spoon	cup	N	2.02	0.47748628	66	67	0.492594024	17.87261418	997	3.45414E-62
steak	meat	N	7.47	0.52028483	253.5	88	0.492569861	17.87145663	997	3.50886E-62
steeple	chapel	N	7.08	0	241	2.5	0.495989534	18.03582599	997	3.74707E-63
stomach	bedroom	N	0.4	0.52369314	3.5	89	0.509904915	18.71637786	997	3.19811E-67
stomach	vein	N	2.35	0.32560703	71	24	0.511765451	18.80884295	997	8.84074E-68
stomach	waist	N	5.9	0.5246748	203.5	88	0.511991381	18.82009562	997	7.55865E-68
storm	hurricane	N	6.38	0.5929122	217	140	0.513619206	18.90132766	997	2.43597E-68
story	topic	N	5	0.45540518	167.5	58	0.511288998	18.78513015	997	1.22975E-67
street	car	N	2.38	0.5628842	72	113	0.513901858	18.91546079	997	1.9999E-68
street	alley	N	5.48	0.37175277	186.5	31	0.514343927	18.93758185	997	1.46849E-68
strength	might	N	7.07	0.19810455	232.5	8	0.520432595	19.24436804	997	1.99134E-70
strength	capability	N	5.28	0.61508125	179	158	0.533709147	19.92747499	997	1.23722E-74
student	pupil	N	9.35	0.5474969	301	100	0.530729922	19.77244771	997	1.12913E-73
student	professor	N	1.95	0.6612583	62	182	0.53680653	20.08975111	997	1.21294E-75
style	fashion	N	8.5	0.6794536	281	190	0.540322519	20.27534257	997	8.43591E-77
sugar	honey	N	5.13	0.7390196	170	244	0.533413338	19.91203613	997	1.5425E-74
sun	sky	N	2.27	0.7448216	66	246	0.52837624	19.65069352	997	6.37769E-73
sunset	sunrise	N	2.47	0.8245575	74	281	0.535900853	20.04218431	997	2.39796E-75
sunset	evening	N	5.98	0.6023981	197	142	0.545613811	20.55748009	997	1.43829E-78
supper	meal	N	7.53	0.53026843	242	88	0.542895073	20.41208329	997	1.17585E-77
sweater	jacket	N	7.15	0.5703439	228.5	115	0.547021817	20.63314191	997	4.80804E-79
target	arrow	N	3.25	0.37788418	101	30	0.547303399	20.64830314	997	3.85947E-79
task	highway	N	0.48	0.26414463	5.5	10	0.548863073	20.73246261	997	1.13825E-79
task	woman	N	0.68	0.40622312	12.5	35	0.547306555	20.64847312	997	3.84997E-79
task	straw	N	0.68	0.18432622	12	7	0.546617794	20.61140548	997	6.58796E-79
task	job	N	8.87	0.5702915	279.5	110	0.545097362	20.52978995	997	2.14698E-78
tax	income	N	2.38	0.6959115	66.5	198	0.548910832	20.73504452	997	1.09636E-79
taxi	cab	N	9.2	0.7287454	283	226	0.553365524	20.97716161	997	3.233E-81
teacher	helper	N	4.28	0.16805038	127	6	0.540943733	20.30828839	997	5.24999E-77
teacher	rabbi	N	4.37	0.5816807	127.5	115	0.545975317	20.57688257	997	1.08612E-78
teacher	instructor	N	9.25	0.5912465	281.5	124	0.544970615	20.52299935	997	2.36854E-78
telephone	booth	N	3.63	0.5071618	104	70	0.546947927	20.6291651	997	5.09328E-79
throat	nose	N	2.8	0.77496594	84	246	0.547253625	20.64562245	997	4.0124E-79
tin	aluminum	N	6.42	0.76108646	200	239	0.552676266	20.93953178	997	5.59633E-81
tin	metal	N	5.63	0.60938627	177	137	0.543350373	20.43636869	997	8.28171E-78
tobacco	cigarette	N	7.5	0.5616858	228.5	101	0.540546784	20.28723096	997	7.10923E-77
toe	finger	N	4.68	0.77961123	131.5	243	0.542846939	20.40951736	997	1.2202E-77
tongue	throat	N	3.1	0.58021843	93	111	0.540845938	20.30309874	997	5.65735E-77
top	side	N	1.9	0.44281176	57.5	46	0.540435455	20.28132856	997	7.7396E-77
tower	bell	N	1.9	0.56524116	57	103	0.540350734	20.27683793	997	8.25631E-77
tree	maple	N	5.53	0.4257515	171	37	0.541134797	20.31843086	997	4.53651E-77
trial	verdict	N	3.33	0.7127464	94.5	202	0.547620872	20.66540892	997	3.0117E-79
trick	size	N	0.48	0.2438519	5	7	0.549054382	20.74280686	997	9.79486E-80
uncle	aunt	N	5.5	0.90038395	167.5	271	0.547289609	20.64756044	997	3.90125E-79
value	belief	N	7.07	0.36574787	207	25	0.540423789	20.28071017	997	7.80879E-77
vehicle	bus	N	6.47	0.64426637	193	155	0.552941723	20.95401696	997	4.53099E-81
vessel	vein	N	5.15	0.32250214	155.5	18	0.548051883	20.68865258	997	2.14976E-79
victory	triumph	N	8.98	0.7695411	261	230	0.555884481	21.11521362	997	4.30498E-82
violin	instrument	N	6.58	0.61141974	193.5	131	0.540323834	20.27541226	997	8.42745E-77
vision	perception	N	6.88	0.72589636	200.5	208	0.53736705	20.11923886	997	7.9468E-76
vitamin	iron	N	5.55	0.4704553	167	51	0.526890567	19.5741649	997	1.88906E-72
wagon	carriage	N	7.7	0.78087544	222.5	230	0.532132593	19.8453091	997	3.99773E-74
wagon	container	N	2.65	0.6793394	77	165	0.517230712	19.08254318	997	1.93223E-69
wall	decoration	N	2.62	0.39406437	72.5	28	0.518685352	19.15592469	997	6.90244E-70
wall	brick	N	4.68	0.7002948	124	185	0.519486805	19.19645232	997	3.90628E-70
water	salt	N	1.3	0.71696126	39	199	0.516132186	19.0272761	997	4.19024E-69
water	ice	N	6.47	0.49977228	186.5	58	0.526184855	19.53790008	997	3.15814E-72
way	manner	N	7.62	0.6200441	211.5	136	0.532334318	19.85580635	997	3.44182E-74
wealth	poverty	N	1.27	0.5109674	37	64	0.528147719	19.63890589	997	7.53968E-73
wealth	fame	N	4.02	0.63189834	109	140	0.528420434	19.65297381	997	6.17446E-73
wealth	prestige	N	6.07	0.72915006	172	201	0.526479791	19.55304934	997	2.54812E-72
weekend	week	N	4	0.74954516	107	210	0.517109644	19.07644593	997	2.1046E-69
whiskey	gin	N	6.28	0.6883608	177.5	171	0.516117745	19.02655046	997	4.23302E-69
whiskey	champagne	N	5.33	0.63705593	153	144	0.507767575	18.61059397	997	1.38717E-66
wife	husband	N	2.3	0.8564642	58.5	246	0.50265187	18.3592717	997	4.45753E-65
wife	straw	N	0.4	0.28951424	3	12	0.515104344	18.9756811	997	8.62333E-69
window	door	N	3.33	0.80381703	87	230	0.513216407	18.88120138	997	3.22557E-68
wine	brandy	N	5.15	0.565677	145	94	0.517685164	19.10544438	997	1.4016E-69
wine	liquor	N	7.85	0.6852058	209.5	164	0.516603688	19.05098174	997	3.00675E-69
winner	presence	N	1.08	-0.021001348	30.5	1	0.506167589	18.53170883	997	4.13239E-66
winner	candidate	N	2.78	0.6169432	73	130	0.505158537	18.48209133	997	8.2014E-66
winner	goal	N	3.23	0.5591693	83	87	0.505753012	18.51131074	997	5.47808E-66
winter	season	N	6.27	0.6101985	168	122	0.505289733	18.48853676	997	7.50308E-66
winter	summer	N	2.38	0.81029403	58	224	0.5009709	18.27725649	997	1.37628E-64
wire	cord	N	7.62	0.69898385	196	169	0.512037345	18.82238553	997	7.32142E-68
wisdom	intelligence	N	7.47	0.44988245	192	41	0.500479145	18.25331589	997	1.91172E-64
woman	fur	N	0.58	0.16271055	6	3	0.511431718	18.7922308	997	1.11406E-67
woman	man	N	3.33	0.8960997	81.5	237	0.509130751	18.67800816	997	5.4479E-67
woman	secretary	N	1.98	0.3156349	51.5	14	0.516177694	19.02956307	997	4.05823E-69
woman	wife	N	5.72	0.6034494	149	112	0.516472356	19.04437645	997	3.29814E-69
wood	log	N	7.3	0.34655842	183	18	0.512958931	18.86834522	997	3.85891E-68
wood	paper	N	2.88	0.43289343	71	33	0.528873371	19.67635708	997	4.42935E-73
word	newspaper	N	2.47	0.16585673	58.5	3	0.529754517	19.72191391	997	2.31777E-73
word	literature	N	4.77	0.41125962	111.5	24	0.531139501	19.7936997	997	8.3424E-74
word	dictionary	N	3.68	0.49614617	83	47	0.53609565	20.052407	997	2.07134E-75
word	clue	N	2.53	0.15523794	59.5	2	0.536914434	20.09542484	997	1.11818E-75
word	page	N	2.92	0.2918604	69	8	0.538533825	20.18074079	997	3.28703E-76
worker	mechanic	N	4.92	0.46041667	121	36	0.540750225	20.29802076	997	6.08647E-77
worker	employer	N	5.37	0.48907122	136	41	0.545362674	20.54401085	997	1.74778E-78
worker	camera	N	0.68	0.31331423	8.5	10	0.550908276	20.84329105	997	2.27307E-80
world	globe	N	6.67	0.45926937	161	34	0.549049102	20.74252128	997	9.83557E-80
yard	inch	N	3.78	0.6061223	84	102	0.559290126	21.30320154	997	2.74241E-83
absorb	withdraw	V	2.97	0.5491751	68.5	68	0.55847047	21.25781516	997	5.33591E-83
absorb	learn	V	5.48	0.5407916	135	63	0.558383568	21.25300849	997	5.72545E-83
absorb	possess	V	5	0.69881785	121	150	0.560925059	21.39400385	997	7.22949E-84
accept	deny	V	1.75	0.82137173	45.5	206	0.556478704	21.1479024	997	2.66879E-82
accept	deliver	V	1.58	0.68173516	39.5	135	0.570559545	21.93662819	997	2.40177E-87
accept	believe	V	6.75	0.5709694	156.5	78	0.576305016	22.26656314	997	1.78119E-89
accept	recommend	V	2.75	0.7029803	64	151	0.578069249	22.36885883	997	3.87444E-90
accept	forgive	V	3.73	0.70089465	78	150	0.581447617	22.56606625	997	2.03345E-91
accept	reject	V	0.83	0.8461203	13.5	208	0.582589973	22.63314687	997	7.44775E-92
accept	acknowledge	V	6.88	0.8258074	155	202	0.609640694	24.28425518	997	1.0378E-102
accomplish	become	V	4	0.32782888	83.5	10	0.59969887	23.66291715	997	1.33866E-98
achieve	succeed	V	7.5	0.5901447	166	88	0.604021967	23.93093182	997	2.2754E-100
achieve	accomplish	V	8.57	0.75808215	196.5	178	0.604524764	23.96231741	997	1.4108E-100
achieve	try	V	4.42	0.49072945	91.5	38	0.589778343	23.05997432	997	1.22189E-94
acknowledge	notify	V	5.3	0.6821804	123	131	0.592125118	23.20112188	997	1.45409E-95
acquire	get	V	8.82	0.69162226	198.5	141	0.587442007	22.92034448	997	9.99678E-94
acquire	obtain	V	8.57	0.8563315	194	203	0.577730681	22.34919122	997	5.1959E-90
acquire	find	V	6.38	0.7154189	143.5	155	0.556711774	21.16073665	997	2.21183E-82
add	build	V	4.92	0.6700358	110.5	126	0.546776016	20.61991539	997	5.8238E-79
add	divide	V	2.3	0.5746101	50	77	0.542120068	20.37080373	997	2.13277E-77
advise	recommend	V	8.1	0.7331087	175	162	0.542622075	20.39753401	997	1.45051E-77
agree	argue	V	0.77	0.67894256	10	128	0.526897351	19.57451382	997	1.87973E-72
agree	differ	V	1.05	0.50095695	23	40	0.539996662	20.25807957	997	1.08144E-76
agree	please	V	4.13	0.45126483	83	31	0.539840283	20.24979963	997	1.21823E-76
analyze	evaluate	V	8.03	0.85647637	169	196	0.5424319	20.38740417	997	1.67872E-77
appear	attend	V	6.28	0.34046286	137	12	0.522054002	19.32673818	997	6.24234E-71
appoint	elect	V	8.17	0.882314	172.5	196	0.53726397	20.11381326	997	8.58995E-76
argue	prove	V	4.83	0.58887076	100.5	82	0.514187227	18.92973827	997	1.63848E-68
argue	justify	V	5	0.42397016	107.5	20	0.512079919	18.82450676	997	7.10829E-68
argue	differ	V	5.15	0.42789364	112.5	20	0.520178357	19.23147829	997	2.38723E-70
argue	rationalize	V	4.2	0.5183645	84	43	0.529357247	19.7013634	997	3.10445E-73
argue	persuade	V	6.23	0.38242048	131	15	0.53105365	19.78924351	997	8.88914E-74
arrange	organize	V	8.27	0.7982552	172	179	0.545787779	20.56681512	997	1.25652E-78
arrange	require	V	0.98	0.540549	20.5	53	0.523235128	19.38692253	997	2.67074E-71
arrive	leave	V	1.33	0.62138003	30	97	0.524109046	19.431552	997	1.42194E-71
arrive	come	V	7.05	0.4568524	139	27	0.5287621	19.67061047	997	4.80618E-73
ask	pray	V	3.72	0.82853085	70.5	180	0.542449557	20.38834448	997	1.65611E-77
ask	plead	V	6.47	0.7145086	131	139	0.548213441	20.6973712	997	1.89431E-79
assume	predict	V	4.85	0.78691626	97.5	167	0.536758455	20.08722375	997	1.25769E-75
assume	pretend	V	3.72	0.70947355	70	132	0.531761536	19.82601253	997	5.26389E-74
attach	join	V	7.75	0.5342192	151.5	49	0.532208978	19.84928343	997	3.77743E-74
attend	arrive	V	6.08	0.56256485	123	61	0.541276823	20.325973	997	4.06949E-77
become	appear	V	4.77	0.33136111	89	10	0.543100567	20.42304105	997	1.00386E-77
become	seem	V	2.63	0.33619088	55.5	10	0.552185185	20.91275907	997	8.26696E-81
beg	ask	V	6	0.71390593	120	133	0.55521134	21.07824009	997	7.39096E-82
begin	originate	V	8.2	0.38114992	157	12	0.54468681	20.50780141	997	2.95067E-78
begin	quit	V	1.28	0.37798682	29	11	0.573539797	22.10716321	997	1.90996E-88
begin	go	V	7.42	0.556566	137	54	0.573265932	22.09143797	997	2.41286E-88
behave	obey	V	7.3	0.4942656	134.5	28	0.580286602	22.49809661	997	5.62084E-91
borrow	sell	V	1.73	0.6367829	37	95	0.597085092	23.50244858	997	1.52598E-97
borrow	beg	V	2.62	0.5593338	51	53	0.600818856	23.73203761	997	4.6861E-99
borrow	want	V	1.77	0.5145845	38.5	35	0.600738606	23.72707774	997	5.0528E-99
breathe	choke	V	1.37	0.46703812	29	24	0.600749629	23.72775893	997	5.0008E-99
bring	complain	V	0.98	0.62527734	20	86	0.600388491	23.70545164	997	7.0177E-99
bring	restore	V	2.62	0.72032106	47.5	127	0.606272974	24.07179624	997	2.6597E-101
bring	send	V	2.97	0.76720726	51	144	0.612635554	24.47494827	997	5.6114E-104
carry	bring	V	5.8	0.68557125	107.5	109	0.62166425	25.06018716	997	7.0088E-108
cherish	keep	V	4.85	0.28059554	86	4	0.615111484	24.63387229	997	4.9118E-105
choose	elect	V	7.62	0.7361901	129.5	132	0.627498077	25.4469348	997	1.7978E-110
clarify	explain	V	8.33	0.8292623	147.5	159	0.615150783	24.63640421	997	4.7247E-105
collect	save	V	6.67	0.76072395	116.5	139	0.593853493	23.30565612	997	2.99829E-96
come	attend	V	8.1	0.2949765	138.5	7	0.580638541	22.51867837	997	4.13177E-91
come	bring	V	2.42	0.49782324	42.5	25	0.613467156	24.52819726	997	2.4821E-104
communicate	pray	V	3.55	0.52509075	56	34	0.614329685	24.58356471	997	1.0624E-104
compare	analyze	V	8.1	0.61406595	136	76	0.615705411	24.67216865	997	2.7295E-105
complain	argue	V	4.8	0.56100184	81.5	47	0.615879029	24.68337633	997	2.2982E-105
comprehend	satisfy	V	2.55	0.79335123	45	146	0.6180286	24.82262076	997	2.7088E-106
conclude	decide	V	7.75	0.61413306	129	75	0.63175597	25.73365482	997	2.1309E-112
contemplate	think	V	8.82	0.431204	146	15	0.631546599	25.71946638	997	2.6545E-112
cooperate	participate	V	6.43	0.5993521	110	65	0.66978552	28.48098019	997	4.923E-131
cooperate	join	V	5.18	0.71505207	92	114	0.671863248	28.64182268	997	3.9229E-132
create	make	V	8.72	0.7085385	141	108	0.664856289	28.10421426	997	1.8332E-128
create	destroy	V	0.63	0.61006385	6.5	70	0.654520184	27.33526244	997	3.1457E-123
create	build	V	8.48	0.7850052	138.5	133	0.662564964	27.93133204	997	2.7647E-127
create	imagine	V	5.13	0.5876684	88.5	58	0.642908494	26.50332089	997	1.3727E-117
decide	choose	V	8.87	0.7718825	141	128	0.643939944	26.57592217	997	4.4311E-118
declare	announce	V	9.08	0.72911954	141.5	116	0.622781701	25.13373289	997	2.2574E-108
deliver	carry	V	3.88	0.78867894	59.5	133	0.603995767	23.92929763	997	2.3327E-100
deserve	earn	V	5.8	0.54461	98	39	0.6052858	24.00990865	997	6.8325E-101
destroy	construct	V	0.92	0.5492678	14.5	42	0.616180228	24.70283349	997	1.7049E-105
destroy	make	V	1.6	0.6167794	30.5	70	0.617390899	24.7812185	997	5.1169E-106
determine	predict	V	5.8	0.78334224	95.5	126	0.619939701	24.94717369	997	3.9911E-107
disappear	shrink	V	5.8	0.72297484	95	110	0.603940351	23.92584143	997	2.4588E-100
discover	originate	V	4.83	0.43189034	77	15	0.589036614	23.01554972	997	2.38583E-94
discuss	explain	V	6.67	0.6867005	101	95	0.604675236	23.97171892	997	1.2226E-100
disorganize	organize	V	1.45	0	27	1	0.591806656	23.18191487	997	1.94305E-95
do	happen	V	4.23	0.51892316	63	28	0.593839117	23.30478458	997	3.03805E-96
do	quit	V	1.17	0.28704315	23	5	0.599935229	23.67748603	997	1.07304E-98
encourage	discourage	V	1.58	0.82648176	27	129	0.600538772	23.71473166	997	6.0951E-99
engage	marry	V	5.43	0.6086043	85	62	0.624966295	25.27824077	997	2.4317E-109
enjoy	entertain	V	5.92	0.6367198	90	70	0.62336789	25.17241363	997	1.2437E-108
enter	owe	V	0.68	0.40988716	7	9	0.619116426	24.89343019	997	9.1216E-107
expand	grow	V	8.27	0.67529154	118.5	82	0.616768067	24.74085781	997	9.5104E-106
explain	prove	V	4.1	0.80163693	58	122	0.609287022	24.26184556	997	1.4617E-102
explore	discover	V	8.48	0.7939063	120	121	0.607548106	24.15199703	997	7.8242E-102
fail	discourage	V	3.33	0.6715816	47	80	0.573337068	22.09552149	997	2.27078E-88
find	disappear	V	0.77	0.5259235	7.5	28	0.570965894	21.95980397	997	1.70325E-87
forget	ignore	V	3.07	0.6664319	44	78	0.570897801	21.95591869	997	1.80428E-87
forget	know	V	0.92	0.7108273	12	93	0.569548411	21.87906249	997	5.63662E-87
forget	learn	V	1.18	0.63300407	20.5	67	0.592729259	23.23760476	997	8.38253E-96
forget	retain	V	0.63	0.5213152	6	26	0.599653247	23.66010611	997	1.39701E-98
forgive	forget	V	3.92	0.7886719	48	112	0.599549036	23.65368652	997	1.53999E-98
gather	attend	V	4.8	0.60625863	63	57	0.603895805	23.92306363	997	2.565E-100
gather	meet	V	7.3	0.6889005	92	82	0.60039877	23.70608625	997	6.9503E-99
get	buy	V	5.08	0.7137586	68.5	90	0.585074644	22.77975291	997	8.2653E-93
get	put	V	1.98	0.54648995	27	34	0.572498294	22.04741914	997	4.64032E-88
get	remain	V	1.6	0.55000955	22	34	0.57251031	22.04810752	997	4.59312E-88
give	allow	V	5.15	0.6232208	68	60	0.5727264	22.06049044	997	3.82146E-88
give	know	V	0.88	0.47776476	10	17	0.566907624	21.7294088	997	5.15927E-86
give	borrow	V	2.22	0.56328744	25	34	0.565304351	21.63903375	997	1.95951E-85
give	lend	V	7.22	0.718448	85	86	0.565373361	21.64291635	997	1.8504E-85
give	deny	V	1.43	0.63674897	19	60	0.545644757	20.55914035	997	1.40414E-78
give	put	V	3.65	0.54516304	39	31	0.552113426	20.90884952	997	8.75149E-81
give	steal	V	0.5	0.6915619	4	75	0.552930001	20.95337712	997	4.57346E-81
go	sell	V	0.97	0.56679046	10.5	34	0.577556271	22.3390664	997	6.04308E-90
go	allow	V	3.62	0.39746863	36	8	0.579428815	22.44801184	997	1.18824E-90
go	enter	V	4	0.7109536	40	79	0.585412578	22.79976749	997	6.12019E-93
go	come	V	2.42	0.6836905	24	70	0.586500744	22.86433845	997	2.32019E-93
go	send	V	3.75	0.6828546	35	67	0.59511448	23.38223631	997	9.41801E-97
greet	meet	V	6.17	0.5131527	66	23	0.596894633	23.49080137	997	1.82047E-97
ignore	avoid	V	6.87	0.6547875	71	62	0.609441504	24.27163113	997	1.2587E-102
ignore	explore	V	0.4	0.7474564	2.5	84	0.601309146	23.76236488	997	2.9559E-99
ignore	ask	V	1.07	0.69785666	12	70	0.640328223	26.32277456	997	2.2791E-116
imitate	portray	V	6.75	0.82889545	68	95	0.660382818	27.76798727	997	3.5832E-126
inform	notify	V	9.25	0.79321635	96	92	0.647193	26.80652688	997	1.2169E-119
inspect	examine	V	8.75	0.76158553	92	86	0.6160171	24.69229343	997	2.0043E-105
investigate	pursue	V	7.15	0.6924961	70	69	0.584104767	22.72241086	997	1.95401E-92
investigate	examine	V	8.1	0.8503349	82.5	93	0.566356729	21.69831451	997	8.16746E-86
join	acquire	V	2.85	0.5356054	27	27	0.525382843	19.49675438	997	5.65505E-72
join	marry	V	5.35	0.6577359	56	61	0.525405436	19.49791249	997	5.56312E-72
join	add	V	8.1	0.43117973	80	10	0.511711555	18.80615939	997	9.17727E-68
keep	possess	V	8.27	0.4798958	83	15	0.559570707	21.31875889	997	2.18268E-83
keep	give	V	1.05	0.71034074	10.5	68	0.609294856	24.26234171	997	1.4507E-102
keep	protect	V	5.4	0.7395813	55	75	0.638659047	26.20678552	997	1.3832E-115
keep	borrow	V	2.25	0.5803552	19	31	0.622851942	25.13836424	997	2.1019E-108
kill	choke	V	4.92	0.28462303	48	3	0.623650305	25.19107409	997	9.3276E-109
kill	hang	V	4.45	0.5963902	37	41	0.653504026	27.26114681	997	1.0028E-122
kill	destroy	V	5.9	0.81908554	56	81	0.650806947	27.06567219	997	2.1293E-121
kill	defend	V	2.63	0.65203124	23	53	0.632504396	25.78445009	997	9.7021E-113
know	believe	V	5.5	0.6516318	51	52	0.639079703	26.23595723	997	8.7897E-116
know	comprehend	V	7.63	0.6002402	65.5	41	0.628347466	25.50382716	997	7.4625E-111
learn	listen	V	3.88	0.7002352	30	60	0.626673492	25.39184713	997	4.2102E-110
learn	evaluate	V	4.17	0.58169025	32	30	0.62933775	25.57034709	997	2.6681E-111
leave	remain	V	2.53	0.5944187	21	38	0.628500444	25.51408967	997	6.3677E-111
leave	wander	V	3.57	0.5459936	27	25	0.630247546	25.63164225	997	1.0337E-111
leave	appear	V	0.97	0.42318505	9	7	0.630384583	25.64088991	997	8.9584E-112
leave	ignore	V	4.42	0.5866071	30	32	0.628551534	25.51751818	997	6.039E-111
leave	go	V	7.63	0.7230407	59	57	0.627210029	25.42767532	997	2.4208E-110
leave	enter	V	0.95	0.7537166	8	63	0.607008759	24.11803822	997	1.3137E-101
listen	hear	V	8.17	0.79096866	63	69	0.648040779	26.86703642	997	4.7342E-120
listen	obey	V	4.93	0.6832333	39	50	0.614550449	24.59775877	997	8.5461E-105
locate	find	V	8.73	0.73243517	66	58	0.604818342	23.98066396	997	1.0669E-100
lose	keep	V	1.05	0.7269012	8	56	0.569078244	21.85234513	997	8.3725E-87
lose	get	V	0.77	0.7384733	4	58	0.608870048	24.2354545	997	2.1877E-102
lose	fail	V	7.33	0.6433125	51	44	0.668469007	28.37969455	997	2.4196E-130
make	earn	V	7.62	0.62678754	53	43	0.652559124	27.19245929	997	2.9355E-122
make	become	V	4.77	0.50604486	31.5	15	0.635004046	25.95497596	997	6.8992E-114
make	construct	V	8.33	0.58268476	59	28	0.642857812	26.49975986	997	1.451E-117
multiply	add	V	2.7	0.5365818	18	22	0.654908589	27.36365999	997	2.0172E-123
multiply	divide	V	1.75	0.5089308	12	17	0.654730445	27.3506306	997	2.4734E-123
occur	happen	V	9.32	0.786796	61	57	0.654708083	27.34899559	997	2.5374E-123
organize	become	V	1.77	0.28581786	12	3	0.608748448	24.22776422	997	2.4604E-102
overcome	dominate	V	6.25	0.46275386	41	11	0.61105099	24.37384545	997	2.6373E-103
owe	lend	V	2.32	0.71613353	13	47	0.643395841	26.53759335	997	8.0499E-118
participate	join	V	7.7	0.6739307	48	41	0.669504306	28.45930428	997	6.9222E-131
plead	beg	V	9.08	0.7359151	55	47	0.648989006	26.93491933	997	1.6409E-120
please	plead	V	2.98	0.5935647	15	27	0.609862791	24.29833967	997	8.3681E-103
please	entertain	V	5	0.5309343	31	17	0.611190408	24.38272218	997	2.3024E-103
portray	decide	V	1.18	0.52262276	9	15	0.620656116	24.9940503	997	1.9401E-107
portray	notify	V	0.78	0.6259077	4	33	0.620610464	24.99106015	997	2.0315E-107
pretend	portray	V	7.03	0.68390274	38	38	0.64698892	26.79198647	997	1.5268E-119
pretend	seem	V	4.68	0.61850923	21.5	32	0.6260058	25.34734392	997	8.3701E-110
pretend	imagine	V	8.47	0.8199759	47	47	0.621411766	25.04360437	997	9.0478E-108
proclaim	announce	V	8.18	0.78848004	45	46	0.568080676	21.79576299	997	1.93432E-86
protect	defend	V	9.13	0.85398793	47	47	0.50066449	18.26233648	997	1.68912E-64
pursue	persuade	V	3.17	0.7439778	15	41	0.39279826	13.48672564	997	3.35539E-38
put	hang	V	3	0.5317492	13	16	0.394866073	13.57079823	997	1.27686E-38
read	comprehend	V	4.7	0.447761	20	10	0.393721248	13.52422221	997	2.18182E-38
realize	discover	V	7.47	0.87931716	36.5	44	0.40379291	13.9365789	997	1.82038E-40
receive	give	V	1.47	0.77189916	8	41	0.283849012	9.347074237	997	5.73541E-20
reduce	shrink	V	8.02	0.44723827	39	9	0.325715112	10.87773992	997	4.03583E-26
reject	avoid	V	4.78	0.504753	20.5	10	0.391200231	13.42191923	997	7.04652E-38
remain	retain	V	5.75	0.5744605	28	16	0.406394023	14.0440463	997	5.1475E-41
remind	sell	V	0.4	0.48825616	2	9	0.407012083	14.06964197	997	3.80657E-41
remind	forget	V	0.87	0.7100505	4	33	0.405203176	13.99479492	997	9.19063E-41
replace	restore	V	5.73	0.66409373	25	29	0.467609162	16.70360059	997	2.05255E-55
require	inquire	V	1.82	0.2055168	7	1	0.398266824	13.7095975	997	2.56772E-39
roam	wander	V	8.83	0.7740608	34	34	0.40428646	13.95693916	997	1.43366E-40
satisfy	please	V	7.67	0.5079026	30	9	0.190218758	6.117918252	997	1.36017E-09
save	protect	V	6.58	0.68657565	26	28	0.252302275	8.232867595	997	5.68655E-16
say	verify	V	4.9	0.59182155	19	16	-0.015562372	0.491446173	997	0.623219083
say	participate	V	3.82	0.26798934	10	1	-0.132643836	4.22560827	997	2.60141E-05
send	attend	V	1.67	0.61636543	6	21	-0.082926937	2.627493541	997	0.008733729
send	receive	V	1.08	0.69912314	4	25	-0.11040788	3.507606936	997	0.000472321
shrink	grow	V	0.23	0.6533774	1	23	-0.110399147	3.507326062	997	0.000472814
speak	acknowledge	V	4.67	0.5061608	10	7	-0.034426315	1.087666173	997	0.277005372
speak	hear	V	3.02	0.60684574	6	17	-0.025887289	0.817673121	997	0.413739224
spend	save	V	0.55	0.6434494	1	19	-0.054483436	1.722890265	997	0.085218454
steal	buy	V	1.13	0.7557435	2	22	0.02391256	0.755262371	997	0.450269952
succeed	fail	V	0.83	0.61282235	1	17	0.135285888	4.311329168	997	1.78383E-05
succeed	try	V	3.98	0.5651934	3	9	0.291766012	9.631678305	997	4.68991E-21
take	leave	V	2.47	0.5941598	1	13	0.316186657	10.52358203	997	1.2441E-24
take	deliver	V	4.37	0.5948413	3	13	0.467806865	16.71264077	997	1.82332E-55
take	obtain	V	7.1	0.57068473	13	9	0.61726104	24.77279717	997	5.8235E-106
take	steal	V	6.18	0.58245635	11	9	0.566175178	21.68807656	997	9.5006E-86
take	receive	V	5.08	0.60359263	7	11	0.500100051	18.23487617	997	2.46199E-64
take	possess	V	7.2	0.43840113	11	5	0.484193707	17.47342777	997	7.56313E-60
take	carry	V	5.23	0.6140547	8	10	0.52125754	19.28624074	997	1.10449E-70
think	inquire	V	4.77	0.3496205	4	2	0.41091073	14.23163305	997	5.59017E-42
think	rationalize	V	8.25	0.55377793	12	6	0.437672562	15.36994349	997	5.28049E-48
think	decide	V	5.13	0.42960784	6	3	0.383003575	13.09174179	997	2.97238E-36
try	think	V	2.62	0.43848622	1	3	0.512528131	18.84685012	997	5.20696E-68
understand	listen	V	4.68	0.6528936	2	6	0.497169171	18.09278336	997	1.72192E-63
understand	forgive	V	4.87	0.5865124	3	5	0.551698035	20.88623161	997	1.21662E-80
understand	know	V	7.47	0.7574801	5	7	0.550716847	20.83289484	997	2.64425E-80
vanish	disappear	V	9.8	0.7322417	7	6	0.428140503	14.95904115	997	8.53155E-46
verify	justify	V	4.08	0.83205783	1	6	-0.160893955	5.147337053	997	3.18186E-07
want	choose	V	4.78	0.6833319	1	5	0.0625	1.977322412	997	0.048280308
win	dominate	V	5.68	0.301468	1	1	0.87038828	55.8177839	997	0
win	succeed	V	7.9	0.5830368	3	3	0.866025404	54.69003566	997	2.1772E-302
win	accomplish	V	7.85	0.3872377	2	1			997	
withdraw	reject	V	6.38	0.5264125	1	1			997	
