word1	word2	POS	SimLex999	sim2W1000S	SimLexRank	w2vRank	Spear_coef	T statistic	freedom_deg	p_value
old	new	A	1.58	0.35405207	173	163	0.535631158	20.02429119	997	1.19018E-75
smart	intelligent	A	9.2	0.4531135	979	314	0.535559687	20.09107215	997	1.42583E-74
hard	difficult	A	8.77	0.685696	947	797	0.536831656	19.91754251	997	1.87292E-75
happy	cheerful	A	9.55	0.38383287	990.5	213	0.533518862	20.05943605	997	5.32546E-77
hard	easy	A	0.95	0.7352998	102	876	0.536229542	20.30729721	997	5.51174E-77
fast	rapid	A	8.75	0.50840265	944.5	418	0.540925057	20.30490955	997	4.89632E-76
happy	glad	A	9.17	0.6466136	973	716	0.540880064	20.15298774	997	7.8544E-77
short	long	A	1.23	0.62630016	144	681	0.538007694	20.2803055	997	4.62683E-76
stupid	dumb	A	9.58	0.6098358	988	646	0.540416155	20.15693146	997	2.80141E-75
weird	strange	A	8.93	0.6150274	957	654	0.538082496	20.03132488	997	2.06578E-76
wide	narrow	A	1.03	0.6705377	114.5	760	0.535693829	20.21306884	997	1.69208E-77
bad	awful	A	8.42	0.33994144	917	142	0.539145893	20.3868546	997	9.10276E-80
easy	difficult	A	0.58	0.83882016	58	968	0.54242158	20.74785235	997	1.05539E-78
bad	terrible	A	7.78	0.7055468	859.5	825	0.549147664	20.57886544	997	6.28019E-79
hard	simple	A	1.38	0.5025875	154	404	0.546012245	20.614708	997	1.35026E-79
smart	dumb	A	0.55	0.55074847	53	510	0.546679204	20.72069783	997	1.33191E-79
insane	crazy	A	9.57	0.5125868	980	422	0.548645388	20.72164018	997	1.18131E-79
happy	mad	A	0.95	0.4054458	99.5	234	0.548662828	20.72990521	997	3.12336E-78
large	huge	A	9.47	0.7470141	975.5	876	0.548815763	20.50386716	997	2.38815E-77
hard	tough	A	8.05	0.6427993	877.5	701	0.544613312	20.3629592	997	2.02989E-78
new	fresh	A	6.83	0.18450448	750	50	0.541972634	20.5336673	997	4.22581E-79
sharp	dull	A	0.6	0.5547709	60.5	519	0.545169716	20.64204759	997	3.18219E-78
quick	rapid	A	9.7	0.6229061	976	661	0.54718724	20.50257638	997	1.2092E-78
dumb	foolish	A	6.67	0.39071682	733	218	0.544589195	20.569467	997	2.24551E-79
wonderful	terrific	A	8.63	0.40770063	920	236	0.545837187	20.68564914	997	6.55252E-80
strange	odd	A	9.02	0.44045347	949.5	295	0.547996214	20.77048016	997	4.93075E-80
happy	angry	A	1.28	0.4588322	143	317	0.549565755	20.790046	997	1.49378E-81
narrow	broad	A	1.18	0.7329837	132.5	851	0.549926938	21.0300688	997	1.74197E-81
simple	easy	A	9.4	0.52286357	966	439	0.554332694	21.01954001	997	2.28765E-81
old	fresh	A	0.87	0.12125935	88.5	32	0.554140401	21.00086921	997	5.03863E-80
apparent	obvious	A	8.47	0.750782	906.5	868	0.553799188	20.78855707	997	1.42623E-78
inexpensive	cheap	A	8.72	0.7769965	921.5	902	0.549899464	20.55806162	997	2.21917E-78
nice	generous	A	5	0.52605605	540.5	444	0.545624651	20.52750343	997	2.89735E-78
weird	normal	A	0.72	0.18808308	77	51	0.545054688	20.50906271	997	1.89294E-79
weird	odd	A	9.2	0.3623373	952.5	170	0.544710371	20.69742101	997	2.73292E-79
bad	immoral	A	7.62	0.51898474	826	430	0.548214364	20.67210676	997	2.06923E-81
sad	funny	A	0.95	0.8173734	96	935	0.547745116	21.00774522	997	1.30613E-82
wonderful	great	A	8.05	0.3320191	867	130	0.553924881	21.19671843	997	1.7053E-82
guilty	ashamed	A	6.38	0.50223523	699.5	393	0.557364504	21.1785053	997	8.82219E-82
beautiful	wonderful	A	6.5	0.64864683	711	696	0.557034236	21.06612561	997	3.69956E-81
confident	sure	A	8.27	0.5827754	886.5	572	0.554990546	20.96791927	997	1.9527E-82
dumb	dense	A	7.27	0.23223338	785.5	66	0.553196339	21.16925035	997	2.93483E-82
large	big	A	9.55	0.53825986	955	462	0.556866311	21.1414077	997	6.99698E-83
nice	cruel	A	0.67	0.5428079	65	475	0.55636071	21.23932505	997	5.09583E-83
impatient	anxious	A	6.03	0.4433456	664	292	0.558136077	21.26095536	997	2.82353E-83
big	broad	A	6.73	0.43618783	727.5	282	0.558527233	21.30121447	997	2.42712E-83
strong	proud	A	3.17	0.34704074	327	148	0.559254274	21.31152535	997	3.2315E-85
unnecessary	necessary	A	0.63	0.7137088	62	806	0.559440272	21.60512068	997	3.56662E-85
restless	young	A	1.6	0.2884686	163	104	0.564701067	21.59842925	997	4.41327E-85
dumb	intelligent	A	0.75	0.27451625	76	88	0.564581925	21.58398223	997	2.79724E-85
bad	great	A	0.35	0.423122	12	256	0.564324573	21.61490581	997	1.40106E-85
difficult	simple	A	0.87	0.4867648	83	353	0.564875229	21.66176487	997	1.67359E-85
necessary	important	A	7.37	0.51080513	788	400	0.565708211	21.64972218	997	1.92623E-85
bad	terrific	A	0.65	0.3180818	62	122	0.565494301	21.64019457	997	2.06575E-85
mad	glad	A	1.45	0.35085338	147	151	0.565324985	21.6354554	997	1.97767E-85
honest	guilty	A	1.18	0.38871726	123	206	0.565240738	21.63840866	997	7.23157E-86
easy	tough	A	0.52	0.50091547	50	381	0.565293239	21.70655409	997	9.12212E-86
easy	flexible	A	4.1	0.5163328	426	402	0.566502783	21.69082941	997	2.59937E-87
certain	sure	A	8.42	0.28920418	880.5	103	0.566224003	21.93129523	997	5.37168E-86
essential	necessary	A	8.97	0.70221746	915.5	778	0.570465982	21.72667843	997	4.34935E-86
different	normal	A	1.08	0.4267216	108	254	0.566859281	21.74096418	997	5.13289E-86
sly	clever	A	7.25	0.5108523	767	394	0.567112156	21.72975568	997	1.21177E-84
crucial	important	A	8.82	0.7225511	904	803	0.566913765	21.51542641	997	4.83083E-84
harsh	cruel	A	8.18	0.5843682	861	556	0.563101111	21.42143287	997	1.54757E-83
childish	foolish	A	5.5	0.6552573	589.5	686	0.561417644	21.3421859	997	2.00385E-82
scarce	rare	A	9.17	0.66059184	921.5	696	0.559992857	21.16748407	997	8.86561E-82
friendly	generous	A	5.9	0.673873	634	722	0.556834255	21.06578954	997	4.73566E-82
fragile	frigid	A	2.38	0.5597832	228	502	0.554984419	21.1086929	997	5.1917E-82
long	narrow	A	3.57	0.47476465	359.5	332	0.555765844	21.10240436	997	5.73505E-82
big	heavy	A	6.18	0.4903911	663	354	0.555651399	21.09559556	997	5.7407E-82
rough	frigid	A	2.47	0.35868838	237	157	0.55552745	21.09552831	997	2.45377E-80
bizarre	strange	A	9.37	0.78705806	924	870	0.555526226	20.83803376	997	3.05077E-80
illegal	immoral	A	4.28	0.49583983	443.5	362	0.550811482	20.82306389	997	2.29521E-80
bad	guilty	A	4.2	0.37917978	434.5	188	0.550535746	20.84262502	997	7.3106E-81
modern	ancient	A	0.73	0.5282858	72	424	0.550896015	20.9211968	997	1.07682E-80
new	ancient	A	0.23	0.17016557	1.5	43	0.552340017	20.89461291	997	1.10529E-81
dull	funny	A	0.55	0.59124213	49.5	559	0.55185201	21.05069406	997	1.07562E-81
happy	young	A	2	0.40936202	190.5	225	0.554709127	21.05255689	997	1.09698E-81
easy	big	A	1.12	0.37413526	107.5	172	0.554743108	21.05121116	997	1.37344E-81
great	awful	A	1.17	0.16022721	113	41	0.55471856	21.03582093	997	1.60943E-82
tiny	huge	A	0.6	0.5845657	56	545	0.55443771	21.18245724	997	1.62273E-83
polite	proper	A	7.63	0.35798216	795	154	0.557105921	21.33895555	997	1.45457E-83
modest	ashamed	A	2.65	0.26317635	253.5	79	0.559934673	21.34640686	997	7.68517E-84
exotic	rare	A	8.05	0.47515678	829.5	324	0.560068872	21.38984405	997	6.64592E-84
dumb	clever	A	1.17	0.4159966	111.5	232	0.560850303	21.39973128	997	7.75006E-84
delightful	wonderful	A	8.65	0.5280791	870.5	415	0.561027965	21.38927182	997	1.73982E-82
noticeable	obvious	A	8.48	0.72995013	861.5	790	0.560840019	21.17713604	997	3.79046E-82
afraid	anxious	A	5.07	0.69383603	517	736	0.557009396	21.12391754	997	1.50004E-81
formal	proper	A	8.02	0.58499825	823.5	541	0.556042786	21.02978228	997	8.34444E-81
dreary	dull	A	8.25	0.607507	842.5	582	0.554327462	20.91211882	997	1.74018E-80
delightful	cheerful	A	6.58	0.5470019	685	453	0.552173434	20.86164773	997	3.40091E-81
unhappy	mad	A	5.95	0.3145061	625.5	113	0.551246072	20.97369042	997	9.55742E-81
sad	terrible	A	5.4	0.6248036	558.5	610	0.55330199	20.90280224	997	1.06691E-80
sick	crazy	A	3.57	0.51498115	349	383	0.552002404	20.89524803	997	2.55121E-81
violent	angry	A	6.98	0.38376597	713	191	0.551863676	20.99339622	997	6.22882E-82
laden	heavy	A	5.9	0.3451588	616.5	136	0.553662539	21.0899453	997	6.29211E-82
dirty	cheap	A	1.6	0.37986603	147.5	184	0.555424564	21.08925369	997	5.53337E-81
elastic	flexible	A	7.78	0.6526995	800	654	0.555411968	20.94030794	997	2.69741E-81
hard	dense	A	5.9	0.41198468	615	221	0.552690495	20.98957719	997	1.27098E-82
recent	new	A	7.05	0.19691813	716.5	51	0.553592688	21.19858086	997	7.96776E-83
bold	proud	A	3.97	0.33750784	397	126	0.557398261	21.23045887	997	6.77779E-83
sly	strange	A	1.97	0.46026522	180.5	287.5	0.557975637	21.2414968	997	5.85369E-83
strange	sly	A	2.07	0.46026522	187	287	0.558175367	21.25149742	997	8.48376E-83
dumb	rare	A	0.48	0.13950144	38.5	36	0.558356244	21.22617623	997	5.28003E-83
sly	tough	A	0.58	0.45113772	51.5	272	0.557898117	21.25853327	997	4.63167E-83
terrific	mad	A	0.4	0.38156638	20	182	0.558483451	21.26746934	997	8.6351E-84
modest	flexible	A	0.98	0.5743185	88.5	504	0.558644957	21.38191192	997	8.02472E-84
fresh	wide	A	0.4	0.37666994	19.5	168	0.560707717	21.38690156	997	1.16661E-83
huge	dumb	A	0.48	0.15043786	36	38	0.560797415	21.36143054	997	1.32346E-83
large	flexible	A	0.48	0.33626837	35.5	122	0.560339316	21.35284024	997	1.75024E-83
dirty	narrow	A	0.3	0.26549676	6	78	0.560184702	21.33380249	997	6.25955E-85
wife	husband	N	2.3	0.7960158	194.5	842	0.55984184	21.56026976	997	1.53741E-84
book	text	N	6.35	0.5649046	646.5	479	0.563901815	21.49925961	997	1.5592E-84
groom	bride	N	3.17	0.43928844	293.5	256	0.562812054	21.49830364	997	2.28875E-85
night	day	N	1.88	0.6414929	161.5	618	0.562794955	21.62850685	997	3.87832E-87
south	north	N	2.2	0.9583782	184	884	0.565117183	21.90429854	997	2.68231E-87
plane	airport	N	3.65	0.30670875	344	106	0.569991998	21.92917643	997	7.18952E-87
uncle	aunt	N	5.5	0.90609694	555	881	0.570428802	21.86263234	997	2.02614E-86
horse	mare	N	8.33	0.56876385	823	488	0.569259343	21.79262785	997	6.23198E-88
bottom	top	N	0.7	0.6609857	61	650	0.568025329	22.02755883	997	1.1672E-89
friend	buddy	N	8.78	0.29636604	846	102	0.572151459	22.29492261	997	3.36924E-89
student	pupil	N	9.35	0.5753966	873.5	496	0.576794925	22.22377365	997	1.99619E-89
world	globe	N	6.67	0.46304846	666.5	281	0.575564651	22.25891497	997	1.67854E-90
leg	arm	N	2.88	0.7622776	254.5	801	0.576172788	22.4248866	997	1.77929E-91
plane	jet	N	8.1	0.40697142	799	201	0.579032105	22.57498718	997	1.56761E-92
woman	man	N	3.33	0.8567246	303	868	0.581599735	22.73709947	997	3.06926E-94
horse	colt	N	7.07	0.060464766	697.5	20	0.584353447	22.99882004	997	4.51089E-93
actress	actor	N	7.12	0.79961246	703.5	833	0.588756903	22.82008449	997	1.40324E-92
teacher	instructor	N	9.25	0.57643384	863.5	497	0.585755307	22.74448257	997	8.40773E-91
movie	film	N	8.87	0.8515117	846	862	0.584478382	22.47115977	997	4.58756E-92
bird	hawk	N	7.85	0.36592042	779	150	0.579825503	22.66548648	997	5.00835E-92
word	dictionary	N	3.68	0.47423708	344	298	0.583139474	22.65963054	997	1.1635E-92
money	salary	N	7.88	0.4493851	780	258	0.583040032	22.75696889	997	6.91992E-95
dog	cat	N	1.75	0.86082065	152.5	861	0.584689578	23.09770179	997	3.25738E-93
area	region	N	9.47	0.75281674	862	779	0.590407084	22.84175879	997	2.84211E-92
navy	army	N	6.43	0.7370049	641.5	762	0.586120586	22.69742723	997	9.71915E-93
book	literature	N	7.53	0.4600064	744.5	272	0.583681413	22.76895763	997	9.65307E-93
clothes	closet	N	3.27	0.5172534	295	364	0.584892245	22.7694122	997	1.58182E-94
sunset	sunrise	N	2.47	0.8610009	212.5	857	0.584899927	23.0428368	997	1.42913E-94
child	adult	N	2.98	0.5067801	262	348	0.589492385	23.04957538	997	3.66284E-96
cow	cattle	N	9.52	0.378463	857	168	0.589604852	23.29240945	997	1.54118E-95
book	story	N	5.63	0.67029065	562	653	0.593634925	23.1972681	997	2.61843E-97
winter	summer	N	2.38	0.8009528	203.5	822	0.592061242	23.46680343	997	3.5065E-96
taxi	cab	N	9.2	0.6467594	850	613	0.596501893	23.29529591	997	1.4715E-96
tree	maple	N	5.53	0.4051362	547.5	195	0.593682563	23.3527343	997	8.98114E-97
bed	bedroom	N	3.4	0.6131896	304.5	552	0.594629213	23.3853758	997	2.0714E-95
roof	ceiling	N	7.58	0.74054784	739	756	0.595166082	23.17767601	997	4.13638E-94
disease	infection	N	7.15	0.8144103	696.5	827	0.591736336	22.97899773	997	5.16441E-94
arm	shoulder	N	4.85	0.76662034	460	788	0.58842521	22.96424836	997	1.96558E-92
sheep	lamb	N	8.42	0.73266435	803	748	0.588178212	22.72201727	997	1.87581E-92
lady	gentleman	N	3.42	0.54926896	308.5	427	0.584098101	22.72513387	997	5.07233E-93
boat	anchor	N	2.25	0.58506453	185.5	503	0.584150881	22.81227364	997	4.34367E-92
priest	monk	N	6.28	0.7307219	619.5	743	0.585623583	22.66913137	997	4.79926E-92
toe	finger	N	4.68	0.7259255	432.5	735	0.583201356	22.66247615	997	4.97051E-92
river	stream	N	7.3	0.50685215	707	346	0.583088357	22.66013666	997	1.30049E-90
anger	fury	N	8.73	0.6827342	813.5	673	0.583048627	22.44197001	997	1.89018E-90
date	calendar	N	4.42	0.5268463	413.5	378	0.579325208	22.41693552	997	8.4458E-89
sea	ocean	N	8.27	0.75845283	788	768	0.57889561	22.16203323	997	3.01102E-89
second	minute	N	4.62	0.27738744	425	85	0.574493889	22.23132164	997	3.39829E-89
hand	thumb	N	3.88	0.4723353	360	287	0.575695353	22.22319719	997	3.76548E-90
wood	log	N	7.3	0.37916905	703.5	167	0.575554667	22.37077022	997	9.50576E-89
mud	dirt	N	7.32	0.7783587	706.5	786	0.578102137	22.154086	997	1.21875E-91
hallway	corridor	N	9.28	0	833	8.5	0.574355845	22.6002627	997	3.47831E-91
way	manner	N	7.62	0.55825657	729.5	442	0.582030399	22.53018859	997	1.88233E-91
mouse	cat	N	1.12	0.47554058	97	291	0.580835219	22.57122624	997	5.16603E-93
cop	sheriff	N	9.05	0.37814736	823.5	165	0.581535612	22.81105467	997	9.27834E-94
death	burial	N	4.93	0.22847529	467	57	0.585603021	22.92530339	997	2.08383E-93
music	melody	N	6.98	0.54704887	667.5	413	0.587525234	22.87148755	997	6.7358E-93
beer	alcohol	N	7.5	0.5649439	718	453	0.586621027	22.79338391	997	7.12991E-93
mouth	lip	N	7.1	0.5096299	680.5	343	0.585304828	22.78959644	997	2.4074E-92
storm	hurricane	N	6.38	0.5706419	621	462	0.585240884	22.70849749	997	2.12934E-93
tax	income	N	2.38	0.67796904	201	649	0.58386906	22.87005006	997	6.32269E-93
flower	violet	N	6.95	0.55922294	663.5	440	0.586596845	22.79759944	997	3.84132E-93
paper	cardboard	N	5.38	0.42860568	517	225	0.585375987	22.83078209	997	4.8353E-94
floor	ceiling	N	1.73	0.6137922	148.5	534	0.58593564	22.96862409	997	1.24185E-93
beach	seashore	N	8.33	0.5584508	777.5	437	0.588251507	22.90591932	997	1.38756E-94
rod	curtain	N	3.03	0.73118645	265.5	722	0.587199798	23.05153502	997	4.25373E-95
hound	fox	N	2.38	0.5898222	199.5	489	0.589637552	23.12997572	997	6.25462E-96
street	alley	N	5.48	0.29628223	527	97	0.590944089	23.25699332	997	7.84123E-96
boat	deck	N	4.28	0.6657377	397	619	0.593049919	23.24202504	997	7.60293E-96
car	horn	N	2.57	0.3365879	214.5	114	0.592802389	23.24406857	997	7.08169E-96
friend	guest	N	4.25	0.4318429	392	232	0.592836193	23.24877103	997	3.96868E-96
employer	employee	N	3.65	0.66402984	326.5	615	0.592913968	23.28710251	997	4.87928E-96
hand	wrist	N	3.97	0.49483836	361.5	312	0.593547325	23.2734314	997	1.97833E-96
ball	cannon	N	2.58	0.5763621	216	466	0.593321561	23.33316123	997	9.14754E-97
alcohol	brandy	N	6.98	0.4639456	653	265	0.594306903	23.38416238	997	5.29145E-95
victory	triumph	N	8.98	0.7304553	799	711	0.595146139	23.11549905	997	6.05522E-95
telephone	booth	N	3.63	0.4910276	321	305	0.590703309	23.10655631	997	1.7123E-94
door	doorway	N	5.4	0.5757844	509	462	0.590554492	23.03757481	997	1.96994E-94
motel	inn	N	8.17	0.52891713	753	367	0.589404539	23.02826881	997	8.71019E-94
clothes	cloth	N	5.47	0.6938157	515.5	655	0.589249129	22.92950463	997	2.16033E-93
steak	meat	N	7.47	0.55289006	693.5	413	0.58759573	22.86908867	997	2.32679E-93
nail	thumb	N	3.55	0.45864832	310.5	259	0.586580671	22.86414934	997	2.82962E-93
band	orchestra	N	7.08	0.5174378	659.5	344	0.586497562	22.85112897	997	2.27369E-93
book	bible	N	5	0.43657106	462	235	0.586278392	22.86568561	997	6.66839E-93
business	industry	N	7.02	0.55840105	648	425	0.586523413	22.79405379	997	3.48254E-92
winter	season	N	6.27	0.6088286	593.5	511	0.585316137	22.68387246	997	3.91733E-92
decade	century	N	3.48	0.49821323	305	314	0.583451524	22.67602408	997	4.18429E-93
alcohol	gin	N	8.65	0.43044534	769	227	0.583318352	22.82508854	997	5.18827E-94
hat	coat	N	2.67	0.6873653	228	641	0.585839673	22.96394203	997	6.65027E-95
window	door	N	3.33	0.7675578	288.5	738	0.58817308	23.10033852	997	4.31366E-95
arm	wrist	N	3.57	0.64063567	311.5	560	0.590450986	23.12904791	997	1.59506E-94
house	apartment	N	5.8	0.5858567	545.5	470	0.590928662	23.04228354	997	9.01895E-94
glass	crystal	N	6.27	0.6147515	588	515	0.58948315	22.92718865	997	1.88813E-93
wine	brandy	N	5.15	0.54366726	478	392	0.58755687	22.87804905	997	2.3843E-94
creator	maker	N	9.62	0.4553984	793	251	0.586731391	23.01559234	997	1.10228E-94
dinner	breakfast	N	3.33	0.6511738	288	573	0.589037326	23.06681098	997	5.35457E-95
arm	muscle	N	3.72	0.2554784	323	68	0.589892358	23.11471259	997	4.68778E-98
bubble	suds	N	8.57	0	758	8	0.590690224	23.58031346	997	5.2388E-99
bread	flour	N	3.33	0.7714547	287.5	732	0.598355774	23.72469868	997	2.8375E-99
death	tragedy	N	5.8	0.43784985	541	233	0.600700108	23.76505319	997	7.442E-102
absence	presence	N	0.4	0.6738646	18	608	0.601352575	24.15527799	997	4.6214E-101
gun	cannon	N	5.68	0.7487835	528	705	0.607600171	24.03556068	997	8.3839E-101
grass	blade	N	4.57	0.6246965	401	528	0.605695317	23.99648023	997	5.2818E-102
ball	basket	N	1.67	0.6310158	142.5	541	0.605071233	24.17773908	997	5.8097E-102
hose	garden	N	1.67	0.3351103	142	110	0.607956392	24.17149917	997	6.3105E-101
boy	kid	N	7.5	0.62658334	676.5	532	0.607857467	24.01512397	997	5.4251E-101
church	choir	N	2.95	0.34171274	245.5	114	0.605369098	24.02504301	997	5.0211E-101
clothes	drawer	N	3.02	0.37690637	254	152	0.605527468	24.03011933	997	2.0742E-101
tower	bell	N	1.9	0.53416926	157.5	363	0.60560849	24.0881013	997	2.9699E-103
father	parent	N	7.07	0.25245196	635	66	0.606532592	24.36607999	997	1.6131E-103
school	grade	N	4.42	0.37644258	386	149	0.610928979	24.40597382	997	4.4131E-104
parent	adult	N	5.37	0.37656534	486.5	149	0.61155533	24.4906331	997	4.565E-104
bar	jail	N	1.9	0.37421682	157	148	0.612880719	24.48842364	997	4.7204E-104
car	highway	N	3.4	0.43896526	285	226	0.612846195	24.48623869	997	1.0975E-103
dictionary	definition	N	6.25	0.5464439	569.5	382	0.612812049	24.43113385	997	3.5458E-104
door	cellar	N	1.97	0.55466646	162	398	0.611949764	24.50491712	997	2.9844E-104
army	legion	N	5.95	0.4834903	542	276	0.613103835	24.51616818	997	1.4613E-103
metal	aluminum	N	7.25	0.5880863	642.5	454	0.613279473	24.4124323	997	4.0716E-103
chair	bench	N	6.67	0.55528176	599	400	0.611656623	24.3454541	997	3.7442E-102
cloud	fog	N	6	0.7367121	546.5	677	0.610604692	24.20027258	997	1.9822E-102
boy	son	N	6.75	0.47277275	605.5	264	0.608313393	24.24191001	997	1.0451E-102
water	ice	N	6.47	0.46886054	581.5	254	0.60897209	24.28379624	997	1.0525E-102
bed	blanket	N	3.02	0.48584163	250.5	277	0.609633455	24.28333995	997	2.797E-101
attorney	lawyer	N	9.35	0.6665444	764	574	0.609626257	24.06849682	997	4.6702E-101
area	zone	N	8.33	0.5481489	723	380	0.606220415	24.03487285	997	4.0546E-101
business	company	N	9.02	0.53357905	753	352	0.605684343	24.04414389	997	2.6226E-101
clothes	fabric	N	5.87	0.46402305	532.5	250	0.605832235	24.07271901	997	2.7891E-100
sweater	jacket	N	7.15	0.6405424	628	528	0.606287672	23.91756228	997	3.0852E-101
money	capital	N	6.67	0.38567242	594.5	162	0.603807567	24.06206437	997	5.0376E-101
hand	foot	N	4.17	0.58093303	361.5	433	0.606117925	24.02990468	997	3.4298E-103
alcohol	cocktail	N	6.73	0.09063006	596	21	0.605605064	24.35666811	997	4.2252E-103
yard	inch	N	3.78	0.5811004	323	432	0.61078104	24.34303236	997	7.9635E-102
molecule	atom	N	6.45	0.84925836	575	750	0.610566597	24.15084105	997	1.0824E-101
lens	camera	N	4.28	0.671388	370.5	575	0.60752976	24.13073407	997	2.0228E-102
meal	dinner	N	7.15	0.4286747	621.5	212	0.607210497	24.24058185	997	1.6802E-102
eye	tear	N	3.55	0.3841308	295	160	0.608951099	24.2527296	997	3.997E-103
god	devil	N	1.8	0.5714627	152	417	0.609143049	24.34666289	997	2.0072E-103
loop	belt	N	3.1	0.6160228	257	484	0.610623706	24.39168896	997	1.8271E-104
rat	mouse	N	7.78	0.42693463	673.5	206	0.611331183	24.54819174	997	2.0041E-104
motor	engine	N	8.65	0.5398694	720.5	357	0.613778889	24.54215631	997	7.7302E-104
car	cab	N	7.42	0.57344353	638.5	419	0.613684821	24.4540291	997	1.1144E-102
cat	lion	N	6.75	0.6707231	593	566	0.612308296	24.27960018	997	6.5276E-102
size	magnitude	N	6.33	0.60421747	564.5	464	0.609567258	24.16386742	997	5.238E-102
reality	fantasy	N	1.03	0.4096681	86	183	0.607736438	24.17828428	997	2.2887E-101
door	gate	N	5.25	0.75847065	465	675	0.607965034	24.08164828	997	8.9793E-101
cat	pet	N	5.95	0.57967985	531.5	423	0.606429866	23.99197795	997	1.6878E-99
tin	aluminum	N	6.42	0.75367856	565	667	0.604999263	23.79922919	997	2.4862E-99
bone	jaw	N	4.17	0.6443387	356	524	0.601904206	23.77374925	997	4.8657E-100
cereal	wheat	N	3.75	0.81696254	315.5	719	0.601493018	23.88100022	997	4.8539E-100
house	key	N	1.9	0.13701177	154.5	29	0.603220573	23.8811605	997	8.099E-100
blood	flesh	N	4.28	0.6297723	363	503	0.603223148	23.84751148	997	1.0578E-99
door	corridor	N	3.73	0.5370949	311	349	0.602682059	23.82995746	997	2.8494E-98
god	spirit	N	7.3	0.698928	620	602	0.602399453	23.613136	997	3.26594E-98
capability	competence	N	7.62	0.5211705	641	324	0.598890058	23.60414208	997	4.517E-99
abundance	plenty	N	8.97	0.47081977	723	249	0.598743735	23.73445721	997	2.7197E-100
sofa	chair	N	6.67	0.36010617	577	130	0.600857997	23.91921652	997	5.8238E-100
wall	brick	N	4.68	0.65723574	385	535	0.603834103	23.86918812	997	1.4754E-100
horn	drum	N	2.68	0.63660574	219	504	0.603030723	23.95938054	997	1.1297E-101
organ	liver	N	6.15	0.3491575	541	122	0.604477746	24.12792741	997	5.0417E-104
strength	might	N	7.07	0.16423959	597.5	34	0.607165909	24.48193803	997	3.3281E-103
phrase	word	N	5.48	0.784875	479.5	681	0.612744831	24.35863632	997	1.1659E-103
band	parade	N	3.92	0.27601707	327	73	0.610811983	24.42718727	997	7.997E-104
stomach	waist	N	5.9	0.4734937	517.5	251	0.611887923	24.45181234	997	2.2076E-103
cloud	storm	N	5.6	0.5533133	490.5	371	0.612273599	24.385468	997	8.0506E-103
joy	pride	N	5	0.6305519	427.5	494	0.611233523	24.30087021	997	1.4273E-104
noise	rattle	N	6.17	0.24099828	537	55	0.60990268	24.56430293	997	9.3661E-104
rain	mist	N	5.97	0.61496073	520.5	466	0.614029869	24.44149065	997	6.3144E-103
beer	beverage	N	5.42	0.71172833	470	607	0.612111995	24.31675867	997	3.2486E-103
man	uncle	N	3.92	0.34891683	326.5	118	0.610153023	24.36021648	997	2.6695E-103
apple	juice	N	2.88	0.5403734	233	346	0.610836822	24.37305103	997	9.7205E-104
intelligence	logic	N	6.5	0.45401525	552.5	226	0.61103851	24.4390643	997	1.4917E-105
communication	language	N	7.47	0.34422043	614	111	0.612073995	24.71153679	997	3.2505E-108
mink	fur	N	6.83	0	571.5	7.5	0.616314868	25.11007105	997	2.5928E-107
mob	crowd	N	7.85	0.6045664	645.5	447	0.622422599	24.97520783	997	6.9663E-105
shore	coast	N	8.83	0.84239304	698.5	705	0.620368333	24.61108731	997	1.0843E-103
wire	cord	N	7.62	0.6412517	622.5	494	0.614757621	24.4319252	997	1.3634E-104
bird	turkey	N	6.58	0.41248173	557.5	177	0.611962162	24.56729304	997	6.0055E-106
bed	crib	N	7.3	0.3932403	601.5	158	0.614076429	24.77079363	997	1.1295E-105
competence	ability	N	7.5	0.5459462	614	351	0.617230137	24.72965658	997	2.9965E-105
cloud	haze	N	7.32	0.5570338	603	369	0.616595008	24.66608658	997	3.0041E-105
supper	meal	N	7.53	0.5243037	615	317	0.615611156	24.66592118	997	2.8694E-105
bar	cage	N	2.8	0.51669896	228	299	0.615608592	24.6689119	997	4.7712E-107
water	salt	N	1.3	0.6714163	112.5	534	0.615654944	24.93556759	997	4.0317E-107
sense	intuition	N	7.68	0.5229312	623.5	312	0.619762084	24.94651579	997	8.687E-106
situation	condition	N	6.58	0.68178016	555	550	0.619929635	24.74675522	997	8.908E-106
crime	theft	N	7.53	0.5269668	611.5	317	0.616859146	24.74511943	997	1.4288E-104
style	fashion	N	8.5	0.6314141	672	478	0.616833886	24.56423216	997	2.4441E-102
boundary	border	N	9.08	0.74554735	695	623	0.614028767	24.22819998	997	4.6064E-102
arm	body	N	4.05	0.5616309	336	372	0.608755339	24.18670042	997	1.4787E-103
boat	car	N	2.37	0.7287222	186.5	606	0.608098412	24.4116582	997	1.9505E-105
sandwich	lunch	N	6.3	0.27831805	537.5	75	0.611644484	24.69406764	997	1.4698E-105
bride	princess	N	2.8	0.5550549	225.5	362	0.616044565	24.71250038	997	4.5447E-104
heroine	hero	N	8.78	0.65851617	678.5	507	0.616329771	24.48871424	997	5.7628E-104
car	gauge	N	1.13	0.21824041	96.5	49	0.612850736	24.47320957	997	1.6028E-103
insect	bee	N	6.07	0.55262196	518.5	352	0.612608366	24.40639312	997	3.1688E-102
crib	cradle	N	8.55	0.6413247	666	480	0.611561907	24.21119849	997	3.5061E-102
animal	person	N	3.05	0.5002952	243.5	277	0.608486361	24.20457355	997	4.6961E-102
marijuana	herb	N	6.5	0.52256036	543	307	0.608381492	24.18543779	997	7.7716E-103
bed	hospital	N	0.92	0.53590626	73	325	0.608078405	24.30317741	997	4.9683E-103
cheek	tongue	N	4.52	0.4188666	365.5	181	0.609939044	24.3324382	997	3.8432E-103
disc	computer	N	3.2	0.37286267	256	132	0.610399894	24.34922766	997	8.4146E-104
curve	angle	N	3.33	0.7390262	264	603	0.610664044	24.44848782	997	2.4566E-103
grass	moss	N	5	0.5619921	414	363	0.612221556	24.37848467	997	3.1092E-103
school	law	N	1.13	0.24009524	95	52	0.611123861	24.3630836	997	2.2997E-103
foot	head	N	2.3	0.50040275	174	274	0.610881888	24.38279891	997	9.5447E-103
mother	guardian	N	6.5	0.57284176	535.5	378	0.611191613	24.2897334	997	8.7255E-107
orthodontist	dentist	N	8.27	0	645.5	7	0.609727097	24.89631746	997	3.4648E-107
alcohol	whiskey	N	7.27	0.49381682	579	262	0.619160707	24.95636447	997	5.6964E-108
mouth	tooth	N	6.3	0.4311493	526	195	0.620080286	25.0736494	997	1.108E-107
breakfast	bacon	N	4.37	0.54014933	350	324	0.621869079	25.03044263	997	8.795E-108
bathroom	bedroom	N	3.4	0.62691003	265.5	456	0.621211231	25.0454445	997	4.8667E-107
plate	bowl	N	5.23	0.6128965	436	432	0.621439792	24.93427874	997	2.3793E-106
meat	bacon	N	5.8	0.5837599	487.5	390	0.619742354	24.83106064	997	1.6424E-106
air	helium	N	3.63	0.38191202	284.5	142	0.618158446	24.85517495	997	2.8403E-106
worker	employer	N	5.37	0.52336085	445	300	0.618529163	24.81953569	997	4.7359E-106
body	chest	N	4.45	0.5172369	353.5	291	0.617981124	24.78625579	997	3.3369E-106
son	father	N	3.82	0.72969127	304.5	582	0.617468551	24.80904753	997	1.7905E-106
heart	surgery	N	1.08	0.46428737	91.5	224	0.617819672	24.8495599	997	1.8012E-106
woman	secretary	N	1.98	0.31728053	155.5	90	0.618442878	24.84916998	997	2.0309E-106
man	father	N	4.83	0.48540986	381	245	0.618436885	24.84136138	997	4.0246E-106
beach	island	N	5.6	0.5364052	462	312	0.618316853	24.79685054	997	1.408E-106
story	topic	N	5	0.40854904	403.5	163	0.617631816	24.86519379	997	6.6803E-107
game	fun	N	3.42	0.29459944	266	82	0.618683064	24.91368593	997	6.7831E-107
weekend	week	N	4	0.7232173	316.5	570	0.619426955	24.91269225	997	1.0937E-106
couple	pair	N	8.33	0.5591995	631.5	344	0.619411729	24.88162804	997	6.5299E-106
woman	wife	N	5.72	0.60298115	469	405	0.61893536	24.76534264	997	1.3425E-105
sheep	cattle	N	4.77	0.833977	368	649	0.617146047	24.71840229	997	1.611E-106
purse	bag	N	8.33	0.48370475	629	241	0.616421039	24.85643324	997	1.3359E-106
ceiling	cathedral	N	2.42	0.28309706	185	76	0.618548496	24.86861525	997	1.0253E-105
bean	coffee	N	5.15	0.6798248	417.5	506	0.618735605	24.73595924	997	9.47E-106
wood	paper	N	2.88	0.3923617	221.5	148	0.616692395	24.74113503	997	9.4154E-106
top	side	N	1.9	0.39752042	149	152	0.616772349	24.74151138	997	1.1739E-104
crime	fraud	N	5.65	0.6758612	458.5	498	0.616778162	24.57705575	997	1.295E-103
pain	harm	N	5.38	0.71932507	432.5	559	0.6142284	24.42032611	997	3.6328E-102
lover	companion	N	5.97	0.77287275	480	604	0.611780387	24.20225053	997	3.798E-104
evening	dusk	N	7.78	0.37728438	588	131	0.608344713	24.50043174	997	6.2204E-105
father	daughter	N	2.62	0.67486465	201	496	0.61303379	24.6184724	997	3.0887E-103
wine	liquor	N	7.85	0.6833052	590	507	0.614872356	24.36351721	997	1.4176E-104
cow	goat	N	2.93	0.80251396	221.5	621	0.610888703	24.56474827	997	4.539E-103
belief	opinion	N	7.7	0.6600422	579	476	0.614036804	24.33834788	997	2.9281E-103
reality	illusion	N	1.42	0.46703935	114	217	0.610492895	24.36700822	997	7.0116E-101
pact	agreement	N	9.02	0.7473988	638.5	574	0.610943566	24.00821052	997	2.1419E-101
wealth	poverty	N	1.27	0.5261535	105	291	0.605258674	24.08599415	997	1.4092E-101
accident	emergency	N	4.93	0.4426151	387.5	197	0.606499051	24.11343987	997	1.8072E-102
battle	conquest	N	7.22	0.44492784	544.5	198	0.606935661	24.24796077	997	3.6869E-103
friend	teacher	N	2.62	0.65985644	198.5	471	0.609067708	24.35194338	997	2.4902E-101
illness	infection	N	6.9	0.74134356	525	565	0.610706752	24.07611558	997	1.5174E-101
game	trick	N	2.32	0.5386122	171	302	0.606341767	24.10859115	997	1.8643E-102
brother	son	N	3.48	0.8440568	260.5	634	0.606858567	24.24592501	997	7.7156E-104
aunt	nephew	N	3.1	0.86123127	232.5	636	0.609035541	24.45415215	997	7.7188E-104
worker	mechanic	N	4.92	0.47270223	378.5	223	0.612310222	24.45412542	997	3.8313E-106
doctor	orthodontist	N	5.58	0	439	6.5	0.612309804	24.80005545	997	1.2811E-104
oak	maple	N	6.03	0.73059326	472.5	554	0.617681188	24.57135463	997	4.9126E-105
bee	queen	N	3.27	0.2430614	245.5	52	0.614139662	24.63386131	997	3.3605E-105
car	bicycle	N	3.47	0.65878695	257	464	0.615111314	24.65861397	997	8.0558E-106
goal	quest	N	5.83	0.4278437	458.5	180	0.615495315	24.7516685	997	4.4616E-107
august	month	N	5.53	0.34557393	433	101	0.616935008	24.93992987	997	3.5649E-107
army	squad	N	5.08	0.47064117	392	214	0.619828855	24.95451401	997	2.0327E-107
cloud	weather	N	4.87	0.4303276	371	182	0.620051985	24.99102387	997	2.3442E-105
physician	doctor	N	8.88	0.69422376	619.5	505	0.62060991	24.6820857	997	5.8915E-104
canyon	valley	N	6.75	0.6552	504.5	455	0.615859041	24.47176751	997	8.1767E-107
river	valley	N	1.67	0.8129108	133.5	608	0.612585815	24.90054172	997	1.1931E-108
sun	sky	N	2.27	0.73321587	165.5	548	0.619225482	25.17510492	997	7.0709E-109
target	arrow	N	3.25	0.34295455	241.5	99	0.623408636	25.20903872	997	9.8663E-110
chocolate	pie	N	2.27	0.62235045	165	415	0.623921959	25.33669095	997	1.2921E-110
circumstance	situation	N	7.85	0.47774434	564.5	220	0.625845767	25.46830805	997	4.2171E-111
opinion	choice	N	5.43	0.42887864	418	179	0.627817438	25.54074434	997	2.1732E-109
rhythm	melody	N	6.12	0.78821844	467.5	582	0.628897431	25.28552365	997	1.5124E-108
gut	nerve	N	4.93	0.6665433	375	463	0.625076007	25.15972133	997	2.3248E-109
day	dawn	N	5.47	0.39444205	419	144	0.62317566	25.28115292	997	3.3726E-107
cattle	beef	N	7.03	0.8110226	507	599	0.625010169	24.95811889	997	5.2649E-107
doctor	professor	N	4.65	0.50046235	338	246	0.620107115	24.92916689	997	1.0926E-107
arm	vein	N	3.65	0.20353162	267	40	0.619664089	25.03135502	997	1.3724E-107
room	bath	N	3.33	0.48868832	244.5	227	0.621225137	25.01654078	997	4.6404E-107
corporation	business	N	9.02	0.5738871	606	342	0.620999288	24.9373742	997	3.6727E-107
fun	football	N	1.97	0.13992386	149.5	28	0.619789739	24.95257744	997	3.6807E-107
hill	cliff	N	4.28	0.8356809	318.5	602	0.620022365	24.95243567	997	4.9729E-107
bone	ankle	N	3.82	0.48873004	281	226	0.620020197	24.932876	997	2.4482E-107
apple	candy	N	2.08	0.5410841	155.5	291	0.61972088	24.97893737	997	3.1629E-106
helper	maid	N	5.58	0.64289105	419.5	428	0.620425315	24.81253404	997	5.8651E-106
leader	manager	N	7.27	0.54238737	515.5	292	0.617873351	24.77233437	997	3.5239E-108
lemon	tea	N	1.6	0.7116782	128	513	0.617253902	25.10482875	997	5.6689E-109
bee	ant	N	2.78	0.67714363	204.5	467	0.622342986	25.22336984	997	2.4521E-108
basketball	baseball	N	4.92	0.8144705	362	588	0.624138507	25.12836398	997	7.4035E-110
rice	bean	N	2.72	0.7551864	200	545	0.622700254	25.35529288	997	2.6188E-110
bed	furniture	N	6.08	0.4574133	451	198	0.626125161	25.42258611	997	8.8955E-110
emotion	passion	N	7.72	0.56141144	539	317	0.627133871	25.34340072	997	4.7262E-108
anarchy	chaos	N	7.93	0.65050155	547	433	0.625946573	25.0857718	997	8.8076E-110
crime	violation	N	7.12	0.38154233	501	131	0.622053413	25.34404376	997	3.6393E-109
machine	engine	N	5.58	0.55558467	415	310	0.625956232	25.25210577	997	1.1664E-108
beach	sea	N	4.68	0.56238365	331.5	315	0.624572282	25.176573	997	2.7964E-109
alley	bowl	N	1.53	0.5483054	121	297	0.623430861	25.26918379	997	1.1689E-106
jar	bottle	N	7.83	0.77093333	538.5	552	0.624829805	24.87730178	997	7.0432E-106
strength	capability	N	5.28	0.5817247	391	340	0.618868962	24.76041573	997	1.0146E-105
seed	mustard	N	3.48	0.5057809	246	246	0.617070023	24.7366446	997	6.2637E-106
guitar	drum	N	3.78	0.72860205	271.5	518	0.616702984	24.76805292	997	3.0793E-105
opinion	idea	N	5.7	0.5635683	419	314	0.61718786	24.66431111	997	3.4304E-106
north	west	N	3.63	0.95674545	256	591	0.615583636	24.80724828	997	2.7322E-106
diet	salad	N	2.98	0.36547554	212.5	116	0.617791967	24.82205964	997	9.7402E-108
mother	wife	N	3.02	0.7918627	216	559	0.618019966	25.03881499	997	1.1095E-107
dad	mother	N	3.55	0.60656834	246.5	373	0.621338808	25.03035868	997	3.2221E-107
captain	sailor	N	5	0.532858	360	277	0.621209952	24.96108622	997	4.5279E-106
meter	yard	N	5.6	0.62393653	406.5	393	0.620152488	24.78918059	997	1.2405E-106
beer	champagne	N	4.45	0.3566256	315	108	0.61751363	24.8734341	997	1.1537E-106
motor	boat	N	2.57	0.50366974	185	242	0.618809592	24.87815126	997	1.0999E-106
card	bridge	N	1.97	0.41897455	147	160	0.618882001	24.88125774	997	6.8539E-106
science	psychology	N	4.92	0.744333	349.5	518	0.618929677	24.76218957	997	1.1137E-106
sinner	saint	N	1.6	0.5718105	126.5	322	0.617097396	24.88044771	997	7.2054E-107
destruction	construction	N	0.98	0.42001182	81	161	0.618917246	24.90876528	997	9.7502E-109
crowd	bunch	N	7.42	0.37748146	497	123	0.619351546	25.18819994	997	1.3508E-108
beach	reef	N	3.77	0.6295861	262	396	0.623606823	25.16705167	997	3.1891E-108
man	child	N	4.13	0.6417145	288.5	403	0.623286695	25.11130845	997	6.2289E-111
bread	cheese	N	1.95	0.7626588	143.5	530	0.622441388	25.51551622	997	1.0989E-108
champion	winner	N	8.73	0.6742496	558	442	0.628521703	25.1804412	997	2.1041E-106
celebration	ceremony	N	7.72	0.6947411	514.5	465	0.623489412	24.83905892	997	4.4567E-107
menu	order	N	3.62	0.20657295	246.5	41	0.618281452	24.94000068	997	2.6651E-107
king	princess	N	3.27	0.638282	228	400	0.619829938	24.97342026	997	1.3933E-105
wealth	prestige	N	6.07	0.70502615	425	479	0.620341019	24.71598211	997	3.8223E-104
endurance	strength	N	6.58	0.6202785	449.5	382	0.616383616	24.5000158	997	3.7762E-101
danger	threat	N	8.78	0.7495543	555	509	0.613027294	24.04880943	997	1.5568E-100
god	priest	N	4.5	0.5980585	308	351	0.605906636	23.95585553	997	3.4125E-101
men	fraternity	N	3.13	0.07000469	221	16	0.604421304	24.05545327	997	1.6136E-102
buddy	companion	N	8.65	0.4486117	547	181	0.606012558	24.25537744	997	1.1376E-103
teacher	helper	N	4.28	0.18904161	296	36	0.609184874	24.42879181	997	1.1971E-103
body	stomach	N	3.93	0.43399116	268.5	172	0.611913067	24.4254575	997	1.5367E-103
tongue	throat	N	3.1	0.5273019	216	259	0.611860816	24.40914488	997	1.6384E-103
house	carpet	N	1.38	0.2192887	110.5	42	0.611605068	24.40495468	997	3.7191E-103
intelligence	skill	N	5.35	0.5167471	373	244	0.611539343	24.35137385	997	1.6166E-102
journey	conquest	N	4.72	0.590188	312	328	0.610697796	24.25525434	997	1.8102E-102
god	prey	N	1.23	0.29548115	101.5	73	0.609182929	24.24785156	997	1.7993E-102
brother	soul	N	0.97	0.36113447	77	104	0.609065982	24.24824652	997	2.2762E-103
adversary	opponent	N	9.05	0.488444	550	210	0.609072223	24.38347041	997	8.3695E-104
death	catastrophe	N	4.13	0.3614575	279	105	0.611202158	24.44883913	997	1.3972E-102
monster	demon	N	6.95	0.60059446	455	341	0.612227056	24.26479824	997	1.03E-101
day	morning	N	4.87	0.6333768	328.5	380	0.609333643	24.13398237	997	9.6758E-102
man	victor	N	1.9	0.29008895	138.5	71	0.607262094	24.13808016	997	6.3096E-102
friend	guy	N	3.88	0.39425755	259.5	129	0.607327174	24.16609253	997	1.4016E-101
song	story	N	3.97	0.61868125	264	363	0.60777173	24.11379388	997	3.073E-102
ray	sunshine	N	6.83	0.45390546	445	177	0.606941289	24.21320672	997	5.5372E-105
guy	stud	N	5.83	0.09015357	397	16	0.608518144	24.6260586	997	1.488E-108
chicken	rice	N	1.43	0.7975356	110.5	524	0.614990175	25.16077906	997	1.5063E-108
box	elevator	N	1.32	0.37066936	105	108	0.623191684	25.15998555	997	8.3428E-113
butter	potato	N	1.22	0.8176956	98.5	532	0.623179662	25.7941929	997	6.0672E-113
apartment	furniture	N	1.28	0.42708656	101.5	156	0.632647746	25.81474815	997	4.4124E-112
lake	swamp	N	4.92	0.62151355	324	361	0.632949971	25.68664334	997	7.3825E-116
salad	vinegar	N	1.13	0.74020857	91.5	481	0.631061717	26.24718174	997	2.5667E-115
flower	bulb	N	4.48	0.56542885	291	292	0.639241408	26.16699523	997	1.157E-113
cloud	mist	N	6.67	0.64388955	429.5	380	0.638084346	25.92163947	997	1.0911E-111
driver	pilot	N	6.28	0.71951604	413	469	0.634516944	25.62814558	997	1.2486E-110
sugar	honey	N	5.13	0.7148301	339	462	0.630195715	25.4705264	997	1.4111E-110
body	shoulder	N	2.88	0.44386595	192	168	0.627850566	25.46260797	997	2.0242E-110
idea	image	N	3.55	0.57301927	228	300	0.627732298	25.4392569	997	1.7334E-110
father	brother	N	4.2	0.75860435	275	487	0.627383276	25.44929279	997	6.9428E-109
moon	planet	N	5.87	0.6798108	386	415	0.627533326	25.21022396	997	5.0702E-109
ball	costume	N	2.32	0.2571677	150.5	50	0.623939874	25.23060713	997	1.8821E-108
rail	fence	N	5.22	0.5355561	343.5	253	0.62424781	25.14553329	997	1.56E-109
room	bed	N	2.35	0.62604994	152.5	363	0.622960642	25.30700651	997	5.1652E-109
flower	bush	N	4.25	0.58295727	275.5	309	0.625399417	25.22940307	997	1.4776E-108
bone	knee	N	4.17	0.5547062	269.5	278	0.624229628	25.16123378	997	4.5678E-109
arm	knee	N	2.75	0.614222	184	345	0.623198572	25.2373731	997	3.6376E-109
bottom	side	N	2.63	0.53572285	178	253	0.624349961	25.25213464	997	3.4739E-110
vessel	vein	N	5.15	0.34789467	334	93	0.624572718	25.40429375	997	1.195E-111
cat	rabbit	N	2.37	0.6672021	154	395	0.626859985	25.62227137	997	1.171E-111
meat	sandwich	N	2.35	0.43115687	152	157	0.630108623	25.62358115	997	2.6945E-111
belief	concept	N	5.08	0.5058592	322.5	220	0.630128044	25.56971025	997	4.3535E-112
intelligence	insight	N	5.9	0.40980792	376	136	0.629328283	25.68751176	997	1.0664E-110
attention	interest	N	7.22	0.5999767	436	322	0.631074555	25.48073382	997	1.5537E-110
attitude	confidence	N	4.35	0.4740514	272	186	0.628002959	25.45637636	997	2.42E-111
right	justice	N	7.05	0.43899897	425	161	0.627639193	25.57665681	997	1.61E-111
argument	agreement	N	1.45	0.45229682	108.5	166	0.629431524	25.60300219	997	6.8529E-110
depth	magnitude	N	6.12	0.663263	385	383	0.629822768	25.36029755	997	1.1851E-110
medium	news	N	3.65	0.21091941	227.5	38	0.626200289	25.4739023	997	5.2737E-111
winner	candidate	N	2.78	0.59746295	181	314	0.627900975	25.5262833	997	6.1615E-112
birthday	date	N	5.08	0.3536552	318	94	0.628682113	25.66507284	997	1.488E-109
fee	payment	N	7.15	0.73362225	425	452	0.630742661	25.31006879	997	1.6914E-108
bible	hymn	N	5.15	0.73301065	325.5	451	0.625445491	25.15246539	997	8.5487E-110
exit	doorway	N	5.5	0.34304526	347.5	88	0.623065714	25.3459765	997	1.6242E-110
man	sentry	N	3.25	0.14414896	207	26	0.625985262	25.4535043	997	3.6403E-113
aisle	hall	N	6.35	0.25838497	389	48	0.627596273	25.84771095	997	3.5089E-111
whiskey	gin	N	6.28	0.717961	386.5	441	0.633434021	25.55263302	997	5.1177E-111
blood	marrow	N	3.4	0.5540857	212	262	0.629074339	25.52822563	997	4.8663E-111
oil	mink	N	1.23	0	98	6	0.628711042	25.53148319	997	1.3076E-109
floor	deck	N	5.55	0.7525539	345.5	452	0.628759554	25.31844377	997	2.7115E-111
roof	floor	N	2.62	0.70926327	170	428	0.625571466	25.56930301	997	4.5123E-114
door	floor	N	1.67	0.7007101	119	417	0.62932223	25.9823454	997	6.8541E-114
shoulder	head	N	3.42	0.5001354	210.5	204	0.635403394	25.95539887	997	3.6407E-111
wagon	carriage	N	7.7	0.7126515	444.5	428	0.635010221	25.5502479	997	4.3089E-110
car	carriage	N	5.13	0.6939813	315.5	406	0.629038855	25.39034559	997	1.3361E-111
elbow	ankle	N	3.13	0.7579688	198.5	451	0.626650986	25.61505604	997	3.5412E-111
wealth	fame	N	4.02	0.5671881	246	278	0.630001615	25.55203965	997	8.781E-111
sorrow	shame	N	4.77	0.7148489	280.5	428	0.629065511	25.49330133	997	1.4717E-110
administration	management	N	7.25	0.50718015	414	210	0.628190487	25.45988557	997	8.497E-113
communication	conversation	N	8.02	0.38198537	450	110	0.627691626	25.79301051	997	1.8785E-112
pollution	atmosphere	N	4.25	0.49860743	259	202	0.632630353	25.74179634	997	2.8544E-111
anatomy	biology	N	5.33	0.75173306	323.5	441	0.631876048	25.56598287	997	3.4427E-111
college	profession	N	3.12	0.54697126	196.5	249	0.629272873	25.55386406	997	3.0445E-111
book	topic	N	2.07	0.44963226	135.5	157	0.629092651	25.56181193	997	6.3666E-108
formula	equation	N	7.95	0.8376775	444	483	0.629210858	25.06642801	997	3.221E-109
book	information	N	5	0.28960094	300.5	64	0.621759221	25.26002084	997	3.1625E-109
boy	partner	N	1.9	0.35449487	130	90	0.624691661	25.26120904	997	1.174E-108
sky	universe	N	4.68	0.5423241	269	239	0.624709578	25.17615448	997	8.6098E-109
population	people	N	7.68	0.49619853	431	193	0.623424525	25.19626747	997	6.7579E-110
college	class	N	4.13	0.24297507	248.5	41	0.623728861	25.36120186	997	3.3488E-109
chief	mayor	N	4.85	0.55231625	286.5	246	0.626213862	25.25749805	997	1.6054E-108
rabbi	minister	N	7.62	0.5404114	421	235	0.624653616	25.15584996	997	9.2678E-108
meter	inch	N	5.08	0.7994122	300.5	462	0.623117004	25.04204378	997	1.655E-106
polyester	cotton	N	5.63	0.5975505	332.5	294	0.621387994	24.85467871	997	2.0823E-107
lawyer	banker	N	1.88	0.586525	129	281	0.618521538	24.98945496	997	3.3942E-106
violin	instrument	N	6.58	0.56734544	375	266	0.620585954	24.80794034	997	4.3197E-106
camp	cabin	N	4.2	0.45372787	251.5	155	0.617802623	24.79224526	997	3.8285E-106
pot	appliance	N	2.53	0.3629825	158	94	0.617560859	24.80010203	997	2.2129E-104
linen	fabric	N	7.47	0.6070668	408.5	302	0.617681905	24.53569011	997	4.0988E-103
whiskey	champagne	N	5.33	0.7516232	312	425	0.613584011	24.34501847	997	4.7684E-102
girl	child	N	5.38	0.5813992	314	271	0.61059784	24.18443658	997	1.242E-102
cottage	cabin	N	7.72	0.468255	420	163	0.60806254	24.27250601	997	3.659E-105
bird	hen	N	7.03	0.29973447	385.5	65	0.609455312	24.65306736	997	1.5624E-107
racket	noise	N	8.1	0.37927535	432.5	103	0.615409306	25.00812015	997	5.2296E-106
sunset	evening	N	5.98	0.6072971	346	298	0.620870843	24.77980096	997	2.0766E-109
drizzle	rain	N	9.17	0.36662441	467	93	0.617369044	25.28847218	997	1.9674E-109
adult	baby	N	2.22	0.3714562	139.5	94	0.625120414	25.29197196	997	1.6919E-106
charcoal	coal	N	7.63	0.69817036	411.5	385	0.625173116	24.85324393	997	4.9857E-106
body	spine	N	4.78	0.50845695	274	197	0.618499492	24.78291062	997	4.2589E-106
head	nail	N	2.47	0.35788873	153	89	0.617416986	24.79316733	997	1.6299E-110
log	timber	N	8.05	0.24715412	424	41	0.617575067	25.45327983	997	1.5538E-110
spoon	cup	N	2.02	0.44973806	132	147	0.627592918	25.45637211	997	8.7032E-111
body	nerve	N	3.13	0.35434604	190	86	0.627639129	25.49387736	997	5.113E-111
man	husband	N	5.32	0.4558663	305.5	146	0.62819908	25.5282845	997	4.2245E-112
bone	neck	N	2.53	0.655731	154.5	334	0.628711919	25.68945475	997	8.1352E-110
frustration	anger	N	6.5	0.6808311	360	358	0.631103278	25.34918757	997	5.6672E-108
river	sea	N	5.72	0.68056875	324.5	357	0.626033488	25.07398374	997	4.0169E-107
task	job	N	8.87	0.55743396	450.5	239	0.621874164	24.94675508	997	1.4581E-108
club	society	N	5.23	0.33564886	301.5	76	0.619933296	25.16209241	997	4.4612E-110
reflection	image	N	7.27	0.41574204	385	123	0.623211579	25.38809601	997	8.1777E-108
prince	king	N	5.92	0.7934607	334.5	432	0.626617266	25.05017099	997	5.4064E-106
snow	weather	N	5.48	0.6863845	312	361	0.62151177	24.77763632	997	3.7423E-106
people	party	N	2.2	0.28018618	136.5	57	0.617335667	24.80158397	997	3.8861E-106
boy	brother	N	6.67	0.49530435	359	176	0.617704732	24.7991307	997	3.0257E-106
root	grass	N	3.55	0.40695822	201.5	111	0.617666943	24.81542004	997	1.1676E-106
brow	eye	N	3.82	0.37418008	220.5	91	0.617917778	24.8773718	997	3.4059E-107
money	pearl	N	2.1	-0.05780621	134	2	0.618870037	24.95747937	997	6.0264E-108
money	diamond	N	3.42	0.26730403	197	47	0.620097336	25.06999318	997	9.2022E-106
vehicle	bus	N	6.47	0.6568369	349	325	0.621813462	24.74300307	997	6.4608E-105
cab	bus	N	5.6	0.54405195	311	218	0.616801201	24.61599986	997	5.6852E-105
house	barn	N	4.33	0.43356752	242	133	0.614833947	24.62433905	997	7.0161E-105
finger	palm	N	3.33	0.44820094	193	137	0.614963473	24.61062285	997	2.7087E-106
car	bridge	N	0.95	0.5731653	74.5	242	0.614750404	24.82262242	997	4.1318E-106
effort	difficulty	N	4.45	0.48074123	245.5	156	0.618028626	24.79513952	997	6.8877E-108
fact	insight	N	4.77	0.21121334	257	35	0.617605455	25.06131867	997	8.8002E-108
job	management	N	3.97	0.46897525	223.5	144	0.621681471	25.04540658	997	4.597E-105
cancer	sickness	N	7.93	0.6668306	395.5	326	0.621439215	24.63819088	997	1.1919E-105
word	newspaper	N	2.47	0.11592452	148.5	18	0.615178512	24.72615612	997	8.012E-103
composer	writer	N	6.58	0.8429596	343.5	433	0.616540908	24.30118423	997	3.1767E-102
actor	singer	N	4.52	0.7588262	244	392	0.60990763	24.21103425	997	1.6976E-103
shelter	hut	N	6.47	0.41103855	339.5	110	0.608483762	24.40263481	997	3.7195E-104
bathroom	kitchen	N	3.1	0.7016604	182.5	359	0.61150295	24.50179586	997	2.3838E-102
cabin	hut	N	6.53	0.6094514	339	272	0.613055094	24.2298333	997	4.6383E-103
door	kitchen	N	1.67	0.57976234	117.5	241	0.608781168	24.33693354	997	1.8068E-105
value	belief	N	7.07	0.35068306	354	79	0.61047064	24.69905391	997	1.9156E-106
wisdom	intelligence	N	7.47	0.4613909	369	139	0.616121741	24.84516422	997	1.85E-106
ignorance	intelligence	N	1.5	0.41435263	108	112	0.618375315	24.84743254	997	6.3389E-108
happiness	luck	N	2.38	0.68151337	141	333	0.618410182	25.06671088	997	9.7664E-109
idea	scheme	N	6.75	0.45846143	341	134	0.621763525	25.18809242	997	4.0523E-105
mood	emotion	N	8.12	0.70547694	392	357	0.623605196	24.64641278	997	4.402E-105
happiness	peace	N	6.03	0.4965169	319	161	0.615306086	24.64101685	997	1.4107E-102
despair	misery	N	7.22	0.647303	355.5	299	0.615222367	24.26416926	997	2.5546E-102
logic	arithmetic	N	3.97	0.7338722	218	371	0.609323712	24.22530474	997	5.0515E-105
denial	confession	N	1.03	0.6536202	81.5	306	0.608709549	24.63204415	997	6.3138E-104
argument	criticism	N	5.08	0.56394446	272	222	0.615083106	24.46724721	997	8.1465E-102
aggression	hostility	N	8.48	0.6036429	401	259	0.612515116	24.14935265	997	3.6012E-102
hysteria	confusion	N	6.33	0.47468132	327	144	0.607506137	24.20282242	997	8.0416E-102
chemistry	theory	N	3.17	0.5185246	181	181	0.608353768	24.15020119	997	5.1223E-102
trial	verdict	N	3.33	0.6861852	184.5	329	0.607519605	24.17974732	997	4.3587E-100
comfort	safety	N	5.8	0.617904	305	270	0.607988224	23.88823165	997	1.6546E-100
confidence	self	N	3.12	0.33247802	179	69	0.60333675	23.95185537	997	1.46292E-97
vision	perception	N	6.88	0.68880004	335.5	328	0.604357243	23.50523403	997	4.83888E-97
era	decade	N	5.4	0.51235116	283.5	171	0.597130626	23.42624292	997	1.80458E-97
biography	fiction	N	1.38	0.52450836	101	185	0.595837121	23.49137974	997	1.71251E-96
discussion	argument	N	5.48	0.5432015	286.5	199	0.596904093	23.34270397	997	8.40525E-98
code	symbol	N	6.03	0.39146778	308.5	97	0.594464079	23.54180142	997	1.71685E-97
danger	disease	N	3	0.5171041	170.5	174	0.597727857	23.49466971	997	2.51433E-97
accident	catastrophe	N	5.9	0.4934523	302.5	156	0.596957901	23.46948216	997	4.58231E-92
journey	trip	N	8.88	0.8429338	401	403	0.596545753	22.66556291	997	2.67229E-92
activity	movement	N	7.15	0.4860291	337.5	148	0.583140772	22.70153611	997	1.86548E-93
gossip	news	N	5.22	0.37800157	275	86	0.583751072	22.87885223	997	3.21378E-93
father	god	N	3.57	0.47213894	188	139	0.586744898	22.84265583	997	1.16526E-93
action	course	N	5.45	0.42798617	282	121	0.586135697	22.91015249	997	3.00704E-91
fever	illness	N	7.65	0.61870664	354	260	0.587270892	22.53992087	997	6.711E-95
aviation	flight	N	8.18	0.33860588	373.5	70	0.581001437	23.09973546	997	4.74029E-96
game	action	N	4.85	0.36296445	252	79	0.590440946	23.27534415	997	8.47236E-97
molecule	air	N	3.05	0.2766719	174	48	0.593353157	23.38923037	997	1.34819E-97
home	state	N	2.58	0.13831279	148.5	22	0.595229428	23.51062457	997	1.93154E-98
word	literature	N	4.77	0.38718936	239.5	88	0.597218729	23.63875987	997	1.6991E-102
adult	guardian	N	6.9	0.25999132	323.5	41	0.599306608	24.25199863	997	1.1346E-106
newspaper	information	N	5.65	0.09959049	284	15	0.609131501	24.87923837	997	1.4223E-109
communication	television	N	5.6	0.29286104	281.5	53	0.618898686	25.31299564	997	2.9473E-108
cousin	uncle	N	4.63	0.7911328	231	370	0.625489522	25.11642696	997	3.1239E-108
author	reader	N	1.6	0.429864	111	113	0.622519097	25.11265024	997	1.43E-108
guy	partner	N	3.57	0.4031127	184.5	91	0.622461761	25.16335417	997	1.7148E-108
area	corner	N	2.07	0.4608055	126	122	0.623230692	25.15157312	997	1.8595E-106
ballad	song	N	7.53	0.6046372	337	237	0.623052192	24.84710043	997	1.3537E-106
wall	decoration	N	2.62	0.39090607	148.5	87	0.618405077	24.86775333	997	2.546E-107
word	page	N	2.92	0.28028357	160	49	0.61872237	24.97639055	997	2.2888E-107
nurse	scientist	N	2.08	0.55445635	126	189	0.620386405	24.98331141	997	9.9002E-107
politician	president	N	7.38	0.5526724	327	185	0.620492131	24.88810297	997	9.6122E-104
president	mayor	N	5.68	0.772366	276.5	351	0.619034709	24.43979597	997	4.7507E-102
book	essay	N	4.72	0.72109807	229.5	329	0.612085454	24.18467954	997	6.2323E-101
man	warrior	N	4.72	0.56690145	229	200	0.60806639	24.01594153	997	3.5459E-100
article	journal	N	6.18	0.5406625	293.5	177	0.605382154	23.90179138	997	1.05415E-98
breakfast	supper	N	4.4	0.6291445	220	252	0.60355449	23.67865609	997	8.0282E-99
crowd	parade	N	3.93	0.43144375	202	111	0.599954205	23.69659315	997	1.0443E-104
aisle	hallway	N	6.75	0	303.5	4.5	0.600244977	24.58468536	997	1.02E-103
teacher	rabbi	N	4.37	0.56130046	217.5	189	0.61434712	24.43591665	997	9.4787E-104
hip	lip	N	1.43	0.3731427	102	74	0.612024692	24.44070983	997	4.4824E-101
book	article	N	5.43	0.6908065	263.5	295	0.612099767	24.03756527	997	2.8832E-102
room	cell	N	4.58	0.37018567	220	73	0.605727299	24.21738095	997	2.0325E-101
box	booth	N	3.8	0.562488	194	187	0.608584197	24.08943095	997	6.1314E-101
daughter	kid	N	4.17	0.516042	211	150	0.606553755	24.01701251	997	1.1044E-99
limb	leg	N	6.9	0.57517475	301	194	0.605399257	23.82712141	997	8.4045E-101
liver	lung	N	2.7	0.7959904	151.5	351	0.602353773	23.99631971	997	8.6958E-102
classroom	hallway	N	2	0	124	4	0.605068667	24.14507678	997	5.6238E-102
mountain	ledge	N	3.73	0.4230145	187.5	102	0.607438264	24.1736296	997	3.665E-102
car	elevator	N	1.03	0.48817074	81	127	0.607891245	24.20167249	997	8.8964E-102
bed	couch	N	3.42	0.50575024	172.5	141	0.60833556	24.14358298	997	9.1726E-102
clothes	button	N	2.3	0.41710478	127.5	95	0.607414549	24.14157967	997	3.871E-100
clothes	coat	N	5.35	0.5955449	251.5	209	0.607382742	23.8960283	997	1.8027E-103
kidney	organ	N	6.17	0.30989906	276.5	52	0.603461964	24.39871189	997	1.0807E-103
apple	sauce	N	1.43	0.54478973	100.5	168	0.6114414	24.4321406	997	6.7985E-103
chicken	steak	N	3.73	0.7093394	183	301	0.611965537	24.31192732	997	5.7864E-103
car	hose	N	0.87	0.41176644	67.5	90	0.610076918	24.32246994	997	1.7889E-103
tobacco	cigarette	N	7.5	0.50861615	306.5	140	0.610242966	24.39921368	997	4.7728E-104
student	professor	N	1.95	0.6420795	119	240	0.611449274	24.48551719	997	1.04E-102
baby	daughter	N	5	0.582637	232	191	0.612800773	24.28411854	997	8.8588E-104
pipe	cigar	N	6.03	0.45724702	267	108	0.609638539	24.44512808	997	7.9521E-103
milk	juice	N	4.05	0.81520474	194.5	344	0.612168954	24.30167539	997	4.6781E-103
box	cigar	N	1.25	0.24983719	94	35	0.609915371	24.33637366	997	2.2504E-102
apartment	hotel	N	3.33	0.65713024	165	249	0.610461829	24.23360444	997	1.228E-102
cup	cone	N	3.17	0.40728822	161.5	85	0.608840798	24.2732482	997	1.5625E-103
horse	ox	N	3.02	0.28499535	156.5	48	0.609467026	24.40805625	997	8.6244E-105
throat	nose	N	2.8	0.80818355	147	337	0.611587994	24.59716339	997	2.4136E-103
bone	teeth	N	4.17	0.64055455	194.5	233	0.614541192	24.379637	997	5.62E-103
bone	elbow	N	3.78	0.4984853	178	129	0.611141959	24.32437811	997	4.0238E-107
bacon	bean	N	1.22	0.79091054	93	327	0.610273012	24.94664378	997	4.9252E-108
cup	jar	N	5.13	0.4217678	228	93	0.619931593	25.08309457	997	8.7741E-110
proof	fact	N	7.3	0.4566657	286	103	0.622012712	25.34429037	997	3.3118E-110
appointment	engagement	N	6.75	0.5027486	273	129	0.625959936	25.40738676	997	4.0749E-110
birthday	year	N	1.67	0.47172976	107	108	0.626906312	25.39396125	997	3.9196E-111
word	clue	N	2.53	0.20421948	132	28	0.626705176	25.54547526	997	3.377E-107
author	creator	N	8.02	0.67689866	303.5	257	0.62896784	24.9580336	997	1.0375E-106
atom	carbon	N	3.1	0.67041594	155	251	0.620105811	24.88505827	997	2.7937E-102
archbishop	bishop	N	7.05	0.75771815	274.5	302	0.618987996	24.21944658	997	3.753E-102
letter	paragraph	N	4	0.48157972	182	112	0.608616879	24.20011763	997	1.239E-101
page	paragraph	N	3.03	0.6674695	153	247	0.60831094	24.12187518	997	9.7922E-109
steeple	chapel	N	7.08	0	273	3.5	0.607069741	25.18792096	997	2.1703E-108
muscle	bone	N	3.65	0.74559754	164	295	0.623602602	25.13628579	997	2.3331E-111
muscle	tongue	N	5	0.277947	216.5	42	0.622820421	25.57902046	997	8.6325E-112
boy	soldier	N	2.15	0.6259589	117	217	0.629466645	25.64328412	997	6.8595E-106
belly	abdomen	N	8.13	0.77275544	302	304	0.630420053	24.76213682	997	5.8307E-105
guy	girl	N	3.33	0.6037349	155.5	197	0.617096582	24.62269121	997	7.5624E-105
bed	chair	N	3.5	0.46273983	157	102	0.614937882	24.60573336	997	7.7456E-103
clothes	jacket	N	5.15	0.59833115	220	191	0.614674418	24.30339622	997	9.2317E-102
gun	knife	N	3.65	0.59775895	160.5	190	0.609942493	24.1411585	997	1.1238E-100
tin	metal	N	5.63	0.5434579	231	151	0.607376055	23.97725247	997	1.63893E-97
bottle	container	N	7.93	0.6251789	289	209	0.604763771	23.49773555	997	2.07653E-93
hen	turkey	N	6.13	0.7084343	246	271	0.597008036	22.87172118	997	8.75677E-97
meat	bread	N	1.67	0.839561	106.5	319	0.586624958	23.38704799	997	3.25306E-97
arm	bone	N	3.83	0.4033944	168	79	0.595193564	23.45247195	997	1.17774E-93
neck	spine	N	5.32	0.76601815	221	294	0.596267145	22.90944401	997	7.44189E-93
apple	lemon	N	4.05	0.5192176	175	132	0.587258995	22.78674364	997	2.83928E-89
agony	grief	N	7.63	0.62661415	275	209	0.585192713	22.23526491	997	1.12272E-86
assignment	task	N	8.7	0.59266555	305	182	0.575763618	21.83252693	997	7.06109E-86
night	dawn	N	2.95	0.53788215	145	144	0.568729126	21.70816908	997	1.52612E-87
dinner	soup	N	3.72	0.25061542	160.5	33	0.566531404	21.96720746	997	8.59684E-85
calf	bull	N	4.93	0.64746475	204.5	217	0.571095614	21.53873434	997	1.16562E-83
snow	storm	N	4.8	0.53150237	194	140	0.563517486	21.36148794	997	1.54708E-84
nail	hand	N	3.42	0.3341983	154	54	0.560340349	21.49883404	997	7.72147E-86
dog	horse	N	2.38	0.7995897	123.5	298	0.562804442	21.70211636	997	5.66038E-88
arm	neck	N	1.58	0.72533864	101.5	270	0.566424127	22.0340382	997	4.71815E-88
ball	glove	N	1.75	0.37923107	108	67	0.572264647	22.04629913	997	7.91771E-87
flu	fever	N	6.08	0.53159666	232.5	138	0.572478743	21.85611708	997	9.21118E-86
fee	salary	N	3.72	0.74092793	156	271	0.569144656	21.69017153	997	3.75924E-84
nerve	brain	N	3.88	0.698013	162	249	0.566212335	21.43849014	997	6.05385E-87
beast	animal	N	7.83	0.39746058	269	74	0.561723667	21.87424147	997	1.09263E-88
dinner	chicken	N	2.85	0.17979714	139.5	22	0.569463613	22.14472282	997	4.32326E-88
girl	maid	N	2.93	0.49812868	140	113	0.574193144	22.05218437	997	1.84083E-84
child	boy	N	5.75	0.6453692	218.5	208	0.572581467	21.48702282	997	1.98686E-82
alcohol	wine	N	7.42	0.5641874	253.5	151	0.562593127	21.1680658	997	6.50381E-81
nose	mouth	N	3.73	0.72475505	155.5	261	0.556844813	20.92922128	997	2.73368E-80
street	car	N	2.38	0.5210656	121	126	0.552487213	20.83060838	997	9.77271E-80
bell	door	N	2.2	0.5528866	114	143	0.550674734	20.74296272	997	1.56282E-79
box	hat	N	1.3	0.4871715	94	105	0.549057264	20.71062627	997	6.685E-79
belief	impression	N	5.95	0.5026002	221	114	0.548458943	20.61039612	997	9.55591E-80
bias	opinion	N	5.6	0.41772452	210	81	0.546599023	20.74450743	997	3.06875E-79
attention	awareness	N	8.73	0.5276749	284.5	127	0.549085825	20.66411492	997	1.73853E-79
anger	mood	N	4.1	0.41414413	162.5	79	0.547596865	20.70328471	997	2.54011E-82
elegance	style	N	5.72	0.32581794	210	50	0.548322985	21.15127996	997	1.70028E-83
beauty	age	N	1.58	0.10149543	100	12	0.556540053	21.33577538	997	2.94034E-83
book	theme	N	2.58	0.44036862	125	88	0.559877384	21.29845127	997	1.94224E-82
friend	mother	N	2.53	0.54258907	122.5	130	0.559204415	21.16961761	997	9.53559E-84
vitamin	iron	N	5.55	0.41252244	205	76	0.556872976	21.37515957	997	1.97954E-82
car	factory	N	2.75	0.65010214	131.5	196	0.560586298	21.16831795	997	4.49852E-83
pact	condition	N	2.45	0.32777226	120	49	0.556849389	21.26945866	997	6.64793E-83
chapter	choice	N	0.48	0.1370467	33	16	0.558680902	21.24281674	997	3.70215E-83
arithmetic	rhythm	N	2.35	0.37945527	115.5	62	0.558199245	21.28274475	997	3.5743E-84
winner	presence	N	1.08	0.033293545	84	4	0.558920889	21.44192056	997	6.15753E-84
belief	flower	N	0.4	0.23183548	17.5	26	0.561785184	21.40492486	997	7.30041E-83
winner	goal	N	3.23	0.55481064	135	130	0.561121256	21.23642823	997	1.00849E-82
trick	size	N	0.48	0.26496065	31.5	30	0.558083664	21.21437572	997	4.31393E-83
choice	vein	N	0.98	0.24207841	74.5	26	0.557684439	21.27231611	997	3.03949E-83
hymn	conquest	N	0.68	0.06400237	51.5	9	0.558732528	21.2961906	997	7.51589E-83
endurance	band	N	0.4	0.048022963	17	7	0.559163619	21.23444322	997	1.26575E-83
jail	choice	N	1.08	0.11167533	78.5	9	0.558047745	21.35587613	997	1.30181E-83
condition	boy	N	0.48	0.3485161	30	48	0.560239351	21.35396354	997	1.31E-83
flower	endurance	N	0.4	0.34557498	16.5	45	0.560204923	21.35353659	997	4.11649E-83
hole	agreement	N	0.3	0.11921721	5.5	10	0.560197238	21.275511	997	3.74157E-83
doctor	temper	N	0.48	0.38256127	27.5	52	0.558790243	21.28202255	997	3.3951E-83
fraternity	door	N	0.68	0.11671427	46	9	0.558907847	21.28864788	997	3.60401E-83
task	woman	N	0.68	0.373544	45.5	48	0.559027472	21.28457655	997	3.34441E-83
fraternity	baseball	N	0.88	0.34023073	58	40	0.558953966	21.28967337	997	6.01145E-83
cent	size	N	0.4	0.27702713	15	27	0.559045985	21.24968314	997	1.13718E-82
presence	door	N	0.48	0.17363904	26	13	0.558323436	21.20617615	997	1.75676E-82
mouse	management	N	0.48	0.29839617	25.5	30	0.557535901	21.17647429	997	3.16234E-82
task	highway	N	0.48	0.2556788	25	21	0.556997391	21.13630389	997	9.16511E-82
liquor	century	N	0.4	0.041701403	14.5	6	0.556267961	21.06351547	997	1.16625E-81
task	straw	N	0.68	0.26373422	40	20	0.55494296	21.04701854	997	2.74468E-81
island	task	N	0.3	0.27474752	5	22	0.554642069	20.98838624	997	6.12022E-81
night	chapter	N	0.48	0.1710592	22.5	10	0.553570903	20.9333923	997	7.67242E-81
pollution	president	N	0.68	-0.102839954	37.5	1	0.552563703	20.91788158	997	4.46576E-81
gun	trick	N	0.48	0.46046597	22	63	0.55227919	20.95501149	997	8.62855E-82
bath	trick	N	0.58	0.52346015	29	92	0.552959942	21.06764469	997	6.29022E-82
diet	apple	N	1.18	0.34567478	64.5	33	0.555018239	21.08927426	997	1.13982E-81
cent	wife	N	0.58	0.24970819	28.5	17	0.555412343	21.04858807	997	4.75013E-81
chapter	tail	N	0.3	0.050726417	4.5	5	0.554670706	20.95077748	997	9.39724E-81
course	stomach	N	0.58	0.20439756	27	13	0.55288237	20.90396252	997	7.50126E-81
hymn	straw	N	0.4	0.4246456	12	51	0.552023708	20.91942998	997	2.69051E-82
dentist	colonel	N	0.4	0.55419457	11.5	101	0.552307601	21.14734864	997	7.58537E-82
wife	straw	N	0.4	0.27366567	11	16	0.556468644	21.07646334	997	1.48996E-81
hole	wife	N	0.68	0.17221494	29	8	0.555178965	21.03024404	997	1.64714E-81
pupil	president	N	0.78	0.42254332	34.5	48	0.554335893	21.02337439	997	3.05774E-81
bath	wife	N	0.48	0.35575452	17.5	29	0.55421044	20.98098246	997	8.21717E-81
people	cent	N	0.48	0.27033913	17	14	0.553435446	20.9131737	997	5.4773E-81
formula	log	N	1.77	0.39780462	71	37	0.552192795	20.9410067	997	1.4034E-80
woman	fur	N	0.58	0.18588099	21.5	10	0.552703304	20.87642277	997	3.14054E-80
apple	sunshine	N	0.58	0.31739876	21	20	0.551517762	20.82106987	997	2.11119E-80
gun	dawn	N	1.18	0.036771446	52	3	0.550499004	20.84836846	997	2.58252E-80
meal	waist	N	0.98	0.4224763	42	41	0.551001736	20.83451862	997	9.05007E-80
camera	president	N	0.48	-0.010948897	16.5	1	0.550746752	20.74825202	997	2.36481E-79
liquor	band	N	0.68	0.15546912	23.5	5	0.549155052	20.68208076	997	7.65503E-80
stomach	vein	N	2.35	0.31435916	72	15	0.547930065	20.75977672	997	2.37373E-79
gun	fur	N	0.3	0.3419198	4	20	0.54936804	20.68182131	997	4.59092E-79
couch	baseball	N	0.88	0.18564773	31.5	6	0.547925255	20.63633016	997	1.1283E-78
worker	camera	N	0.68	0.33012545	22	17	0.547081046	20.57425071	997	1.18329E-80
deck	mouse	N	0.48	0.6057349	15	119	0.545926299	20.88813904	997	5.37042E-80
rice	boy	N	0.4	0.18241532	9.5	5	0.551733082	20.78416971	997	1.79823E-79
people	gun	N	0.68	0.09619002	19.5	3	0.549818495	20.70095843	997	3.74546E-84
cliff	tail	N	0.3	0.6765916	3.5	161	0.548279895	21.43873994	997	8.59067E-84
ankle	window	N	0.3	0.4089878	3	29	0.561728147	21.38226307	997	5.06543E-83
princess	island	N	0.3	0.22791591	2.5	6	0.56071403	21.26136356	997	3.11251E-84
container	mouse	N	0.3	0.55945766	2	83	0.558534611	21.45132655	997	1.0596E-84
wagon	container	N	2.65	0.6353116	72	131	0.561953812	21.52453882	997	5.82663E-84
people	balloon	N	0.48	0.038523782	9.5	2	0.563263947	21.40868306	997	3.8183E-83
dollar	people	N	0.4	0.13646688	5	2	0.561188751	21.28063841	997	8.89437E-86
bath	balloon	N	0.4	0.616746	4.5	117	0.558882851	21.69254152	997	2.23295E-85
stomach	bedroom	N	0.4	0.42089468	4	28	0.566254366	21.63018007	997	6.25632E-85
bicycle	bedroom	N	0.4	0.41572398	3.5	26	0.565146939	21.56030482	997	1.04322E-84
log	bath	N	0.4	0.47191027	3	36	0.563902441	21.52559695	997	2.27441E-89
bowl	tail	N	0.48	0.6740763	4	150	0.563282851	22.25015697	997	1.08124E-90
go	come	V	2.42	0.6520248	55.5	134	0.576021316	22.45432766	997	6.66458E-91
take	steal	V	6.18	0.56682885	149	82	0.579537091	22.48670382	997	5.30336E-87
listen	hear	V	8.17	0.7697366	193.5	194	0.580091651	21.88317669	997	1.72591E-91
think	rationalize	V	8.25	0.47797087	196	38	0.569620763	22.57702237	997	1.26908E-86
occur	happen	V	9.32	0.7741839	217	194	0.581634431	21.82424782	997	1.25142E-81
vanish	disappear	V	9.8	0.77801347	217	194	0.56858319	21.042192	997	8.83231E-82
multiply	divide	V	1.75	0.53938	45.5	69	0.554553996	21.06604712	997	8.97202E-78
plead	beg	V	9.08	0.71282685	212.5	172	0.554989115	20.43082284	997	1.60528E-84
begin	originate	V	8.2	0.34042555	194	12	0.543246442	21.49632525	997	1.48904E-78
protect	defend	V	9.13	0.8515289	212	210	0.562759567	20.55508362	997	4.25135E-76
kill	destroy	V	5.9	0.7932419	143	197	0.545569139	20.16282663	997	5.11599E-74
create	make	V	8.72	0.6552263	203	131	0.538194288	19.82801157	997	1.86053E-82
accept	reject	V	0.83	0.82193685	13.5	204	0.53179999	21.17255391	997	2.12365E-80
ignore	avoid	V	6.87	0.6610885	158	133	0.55692626	20.84796397	997	8.90383E-79
carry	bring	V	5.8	0.6512743	139.5	128	0.550994292	20.59060725	997	9.87971E-86
leave	enter	V	0.95	0.75939685	18	181	0.546230851	21.68542678	997	3.77373E-82
choose	elect	V	7.62	0.7036376	170.5	162	0.566128176	21.12421988	997	6.83419E-81
lose	fail	V	7.33	0.61618143	165	109	0.556048283	20.92582118	997	2.24355E-87
encourage	discourage	V	1.58	0.8077487	37.5	194	0.55242485	21.94122437	997	5.3318E-82
achieve	accomplish	V	8.57	0.7544616	194.5	176	0.570640165	21.10058295	997	2.59301E-82
make	construct	V	8.33	0.5909724	189.5	89	0.555618245	21.14987132	997	6.89255E-81
listen	obey	V	4.93	0.71538556	115	166	0.556514468	20.92523774	997	5.26314E-74
inform	notify	V	9.25	0.818996	200	193	0.552414148	19.82602248	997	2.04873E-79
receive	give	V	1.47	0.75470996	36	174	0.531761727	20.69197053	997	1.85352E-79
borrow	beg	V	2.62	0.5294195	55	62	0.548113373	20.69887123	997	9.70485E-80
take	obtain	V	7.1	0.5660264	155	76	0.548241231	20.74344251	997	7.71893E-77
advise	recommend	V	8.1	0.65962255	177	126	0.549066135	20.28151433	997	1.42998E-72
imitate	portray	V	6.75	0.7918873	150.5	183	0.540438959	19.59379937	997	3.49091E-71
win	succeed	V	7.9	0.6052717	171	101	0.527272198	19.36794723	997	1.13494E-73
think	decide	V	5.13	0.40815714	118.5	23	0.52286306	19.77208691	997	8.68731E-75
greet	meet	V	6.17	0.5189766	138	57	0.530722966	19.95221761	997	3.50449E-80
agree	argue	V	0.77	0.67290837	10	133	0.534182807	20.81353048	997	9.15635E-78
enjoy	entertain	V	5.92	0.6624197	134	125	0.550360052	20.42941407	997	1.07923E-78
destroy	make	V	1.6	0.5846321	36.5	84	0.543220037	20.57732241	997	4.98949E-76
save	protect	V	6.58	0.66351765	142	124	0.545983509	20.15167457	997	7.05799E-72
give	lend	V	7.22	0.70593697	150	153	0.537982784	19.48109221	997	2.86758E-67
understand	know	V	7.47	0.7284538	153.5	158	0.525077188	18.72423161	997	5.44933E-66
take	receive	V	5.08	0.60978734	114.5	98	0.510063223	18.51169159	997	3.29923E-61
accept	acknowledge	V	6.88	0.82333344	144	180	0.505760756	17.70601282	997	1.18751E-54
decide	choose	V	8.87	0.75961107	182	162	0.48910464	16.56927735	997	1.22716E-54
accept	believe	V	6.75	0.5530884	143	69	0.464663321	16.56675835	997	5.32563E-57
keep	possess	V	8.27	0.514326	169	51	0.464607928	16.98113993	997	1.58476E-51
roam	wander	V	8.83	0.6959466	179	141	0.473646792	16.0120014	997	2.9557E-54
succeed	fail	V	0.83	0.6181454	12	101	0.45227597	16.49925761	997	1.34691E-58
spend	save	V	0.55	0.6443979	5	114	0.46312157	17.25814954	997	2.04892E-53
leave	go	V	7.63	0.7105374	151.5	147	0.47960704	16.35002712	997	1.18127E-60
come	attend	V	8.1	0.31531885	160.5	9	0.459821625	17.61149214	997	1.43593E-58
know	believe	V	5.5	0.6202258	123	100	0.487114441	17.2533492	997	1.05497E-54
gather	meet	V	7.3	0.6710866	144.5	121	0.479504313	16.57835227	997	6.96293E-53
make	earn	V	7.62	0.60262233	148	91	0.464862831	16.2553412	997	4.37476E-53
forget	ignore	V	3.07	0.66828114	62	118	0.457717893	16.29135114	997	4.76761E-53
multiply	add	V	2.7	0.52763236	54	57	0.458518871	16.28469163	997	1.44327E-58
shrink	grow	V	0.23	0.6669163	1	116	0.458370826	17.2529663	997	5.09451E-61
arrive	leave	V	1.33	0.6291126	28	103	0.479496119	17.67384511	997	9.91116E-61
succeed	try	V	3.98	0.548461	73	63	0.488428181	17.62451438	997	3.20066E-66
accept	deny	V	1.75	0.7848394	35	153	0.487389086	18.55018716	997	1.00771E-68
arrive	come	V	7.05	0.49465522	135	43	0.506542845	18.96453521	997	4.62106E-69
agree	differ	V	1.05	0.4981729	19	44	0.51488201	19.02028347	997	6.02515E-75
send	receive	V	1.08	0.6939954	21	125	0.515993013	19.97780951	997	2.92161E-80
win	dominate	V	5.68	0.36143258	115	12	0.534672198	20.8260379	997	5.45284E-81
add	divide	V	2.3	0.5759194	39	70	0.55059054	20.94131364	997	3.73504E-86
kill	choke	V	4.92	0.21300766	98.5	3	0.55270893	21.75126571	997	4.92412E-81
acquire	get	V	8.82	0.68231606	158.5	114	0.567294406	20.94830999	997	1.73532E-77
participate	join	V	7.7	0.64261144	138	101	0.552837156	20.38510481	997	9.28467E-78
leave	remain	V	2.53	0.5495274	42	60	0.542388721	20.4284499	997	4.40648E-78
go	enter	V	4	0.7146721	68.5	129	0.543201965	20.48005443	997	2.11516E-76
take	carry	V	5.23	0.5947798	105	81	0.544168183	20.21142512	997	1.83242E-81
forget	learn	V	1.18	0.6804118	23.5	109	0.539114793	21.01607234	997	1.4293E-72
appoint	elect	V	8.17	0.888266	142	154	0.554077049	19.59383327	997	4.88832E-72
engage	marry	V	5.43	0.5657016	107	63	0.527272857	19.50704861	997	1.13062E-74
ask	pray	V	3.72	0.8063564	59.5	145	0.52558363	19.93378114	997	5.74041E-75
go	send	V	3.75	0.66433424	61	104	0.533829916	19.98119434	997	4.59859E-74
take	deliver	V	4.37	0.59345657	72	78	0.534736885	19.83548981	997	1.4913E-74
speak	hear	V	3.02	0.61247694	52	85	0.531943815	19.91439952	997	3.48311E-66
analyze	evaluate	V	8.03	0.81021774	133	143	0.533458633	18.54407192	997	3.46705E-67
argue	rationalize	V	4.2	0.4313214	69	24	0.506418689	18.71056412	997	5.70783E-76
lose	keep	V	1.05	0.7170829	18.5	123	0.509787694	20.1423033	997	3.17498E-75
compare	analyze	V	8.1	0.57561266	132	65	0.537804976	20.02258162	997	7.26318E-75
disorganize	organize	V	1.45	0	26	1	0.535527077	19.96474156	997	7.44352E-76
go	allow	V	3.62	0.38405675	54	13	0.534422368	20.12379956	997	1.70584E-81
take	possess	V	7.2	0.44157118	118	24	0.537453678	21.02097605	997	9.12352E-82
learn	listen	V	3.88	0.65966463	58.5	95	0.554166633	21.06382675	997	3.59889E-84
destroy	construct	V	0.92	0.5574561	12.5	57	0.554948635	21.44145426	997	4.76113E-75
create	build	V	8.48	0.7656665	133.5	126	0.561776822	19.99426971	997	2.71833E-86
steal	buy	V	1.13	0.7552727	19	122	0.53498668	21.77275699	997	2.02428E-85
kill	hang	V	4.45	0.59190434	66	68	0.567674352	21.6368298	997	3.08442E-95
forget	know	V	0.92	0.681431	12	97	0.565265172	23.15128708	997	2.57507E-93
create	imagine	V	5.13	0.5922136	87	68	0.591298258	22.85740266	997	4.52002E-93
do	happen	V	4.23	0.5178465	62	45	0.586384012	22.81994988	997	1.3575E-104
win	accomplish	V	7.85	0.37803003	119	12	0.585753038	24.56757258	997	3.7622E-110
give	deny	V	1.43	0.6215329	22	77	0.614080781	25.39913028	997	2.4591E-111
deserve	earn	V	5.8	0.51842695	95	44	0.626782631	25.57562103	997	1.1819E-111
get	put	V	1.98	0.5009111	29	37	0.629416132	25.62298247	997	5.9352E-103
locate	find	V	8.73	0.70375925	126	105	0.630119167	24.32080899	997	1.4817E-113
appear	attend	V	6.28	0.32470155	99	8	0.610216811	25.90569017	997	1.888E-116
know	comprehend	V	7.63	0.5341267	111	46	0.63428363	26.3348781	997	4.4161E-106
pretend	imagine	V	8.47	0.76145893	121	112	0.640501882	24.79080801	997	1.4743E-109
satisfy	please	V	7.67	0.529619	111	44	0.617538711	25.31067049	997	2.6225E-115
cherish	keep	V	4.85	0.39452368	75.5	14	0.625454544	26.16561051	997	4.9829E-124
argue	differ	V	5.15	0.38954014	83.5	12	0.638064327	27.45299754	997	3.5946E-133
overcome	dominate	V	6.25	0.4775164	96	24	0.65612712	28.79370416	997	1.0994E-139
behave	obey	V	7.3	0.5240538	104	40	0.673810769	29.74549471	997	1.2944E-134
cooperate	participate	V	6.43	0.66223675	98	80	0.685701507	29.00482349	997	2.2258E-137
achieve	try	V	4.42	0.4793663	60.5	24	0.676494735	29.40878653	997	1.5167E-138
fail	discourage	V	3.33	0.64740586	46	76	0.681556154	29.57913031	997	5.7223E-138
begin	quit	V	1.28	0.3769945	20	10	0.683661596	29.49493329	997	1.3666E-142
say	participate	V	3.82	0.28476027	50	5	0.682623049	30.16937428	997	3.6455E-143
come	bring	V	2.42	0.56449074	31	43	0.690826824	30.25306624	997	9.534E-133
declare	announce	V	9.08	0.7443466	114	99	0.691826652	28.73172465	997	2.7721E-139
read	comprehend	V	4.7	0.38615817	60	9	0.673017717	29.68687357	997	7.8394E-140
take	leave	V	2.47	0.5669267	31	43	0.684984547	29.76693057	997	5.4888E-128
proclaim	announce	V	8.18	0.8223667	104	108	0.685963179	28.0343586	997	1.4497E-114
acquire	obtain	V	8.57	0.8405454	108	108	0.663932694	26.05550697	997	2.4733E-110
conclude	decide	V	7.75	0.64206475	99.5	69	0.636468398	25.42628589	997	3.8125E-110
please	plead	V	2.98	0.5822257	40	47	0.627189239	25.39827061	997	3.9122E-108
argue	prove	V	4.83	0.60449857	65.5	56	0.626769751	25.09804329	997	2.102E-101
ask	plead	V	6.47	0.69126296	89	78	0.622239909	24.08722753	997	1.8797E-104
find	disappear	V	0.77	0.5468863	7.5	39	0.606518684	24.54633783	997	1.43881E-95
inspect	examine	V	8.75	0.6998007	103	82	0.613749997	23.20182146	997	1.27497E-96
verify	justify	V	4.08	0.8050592	49	99	0.592136712	23.36221324	997	4.94272E-92
assume	predict	V	4.85	0.79585916	64	98	0.594785199	22.66051084	997	2.31859E-90
learn	evaluate	V	4.17	0.60980123	51	55	0.583054982	22.4032549	997	2.31942E-96
argue	justify	V	5	0.4590943	67	17	0.578660644	23.32263992	997	1.1376E-101
make	become	V	4.77	0.41970754	56	12	0.594133531	24.12747336	997	6.1139E-108
discover	originate	V	4.83	0.43722552	61	15	0.607158695	25.06905789	997	7.4692E-108
achieve	succeed	V	7.5	0.6028142	88	50	0.621799233	25.05605606	997	1.2389E-108
give	put	V	3.65	0.50286597	43	26	0.621601369	25.17266093	997	5.0907E-106
understand	listen	V	4.68	0.63778734	52.5	59	0.623371634	24.78155362	997	2.5497E-101
expand	grow	V	8.27	0.66999006	90.5	62	0.617396066	24.07456635	997	1.85E-104
borrow	sell	V	1.73	0.62422514	23	54	0.606317095	24.54737666	997	1.28067E-97
keep	protect	V	5.4	0.69856036	68	71	0.613766187	23.51401548	997	4.30772E-96
explain	prove	V	4.1	0.7640639	47	82	0.597274138	23.28167735	997	9.55189E-95
assume	pretend	V	3.72	0.63754267	42	57	0.593457751	23.07631587	997	2.02426E-96
agree	please	V	4.13	0.49059984	46	22	0.590050812	23.33164303	997	1.76371E-95
forgive	forget	V	3.92	0.728734	44	76	0.594281891	23.18833184	997	3.18056E-80
clarify	explain	V	8.33	0.8208551	85	85	0.591913083	20.82019937	997	7.0496E-78
understand	forgive	V	4.87	0.5926256	54	44	0.550482963	20.44752463	997	2.64069E-93
remind	forget	V	0.87	0.7046827	9	71	0.543559362	22.85572798	997	3.81722E-93
get	remain	V	1.6	0.47139052	20	16	0.586355821	22.83120114	997	3.35965E-78
realize	discover	V	7.47	0.86836725	76	83	0.585942702	20.49882228	997	5.32504E-79
require	inquire	V	1.82	0.19422774	23	1	0.544519047	20.62609436	997	2.34083E-92
ignore	ask	V	1.07	0.7049291	15	69	0.546890864	22.71036749	997	1.55479E-98
think	inquire	V	4.77	0.362968	44.5	7	0.583900749	23.65305646	997	1.0508E-99
reject	avoid	V	4.78	0.5149031	45.5	24	0.599538806	23.83039425	997	1.7029E-118
argue	persuade	V	6.23	0.34782875	64	6	0.602406487	26.63730163	997	1.0653E-121
pursue	persuade	V	3.17	0.71781665	35	67	0.644809236	27.1099951	997	5.3499E-121
accept	forgive	V	3.73	0.67245615	37	53	0.651420669	27.00669406	997	1.7915E-120
do	quit	V	1.17	0.28034073	15	3	0.649988317	26.92929622	997	1.1394E-103
investigate	examine	V	8.1	0.8556537	70.5	74	0.648910574	24.42868961	997	3.82792E-91
discuss	explain	V	6.67	0.70268476	63.5	63	0.611911465	22.52378546	997	2.1379E-102
owe	lend	V	2.32	0.7317319	23	64	0.58072582	24.23696165	997	3.65531E-83
explore	discover	V	8.48	0.78601134	70	68	0.608893874	21.28361289	997	6.516E-79
complain	argue	V	4.8	0.6169233	42.5	43	0.558936565	20.6121637	997	2.58582E-83
withdraw	reject	V	6.38	0.516999	59.5	22	0.546631893	21.30720879	997	9.41526E-84
keep	borrow	V	2.25	0.5572142	22	28	0.559362416	21.37602407	997	2.30391E-75
beg	ask	V	6	0.6256949	56	44	0.560601845	20.04497786	997	1.35002E-54
arrange	organize	V	8.27	0.79058546	65	65	0.535954094	16.55943859	997	6.20694E-74
reduce	shrink	V	8.02	0.4088551	63	7	0.464446937	19.81445097	997	1.53123E-75
speak	acknowledge	V	4.67	0.49730673	37	18	0.53153907	20.07349358	997	1.40883E-75
give	borrow	V	2.22	0.5484712	21	25	0.536497193	20.07930666	997	5.43759E-77
kill	defend	V	2.63	0.653509	24.5	44	0.536607825	20.30585017	997	2.56318E-62
disappear	shrink	V	5.8	0.6957394	51.5	51	0.540897789	17.89457884	997	6.11287E-60
deliver	carry	V	3.88	0.7740156	32	57	0.493052302	17.48928713	997	6.71094E-60
breathe	choke	V	1.37	0.43505076	16	9	0.484530037	17.48233441	997	3.12012E-51
acknowledge	notify	V	5.3	0.62353873	44	38	0.484382617	15.95896664	997	5.86771E-54
become	seem	V	2.63	0.30341265	23	3	0.451083162	16.44649265	997	5.45136E-50
pretend	seem	V	4.68	0.60326034	32	34	0.461956963	15.73386731	997	1.59988E-56
accomplish	become	V	4	0.27909473	30	2	0.44599348	16.89780262	997	1.94254E-73
contemplate	think	V	8.82	0.48530668	54	10	0.471840805	19.73432892	997	6.92755E-54
determine	predict	V	5.8	0.790533	45	52	0.529994347	16.43370178	997	3.41697E-58
please	entertain	V	5	0.49273074	36.5	13	0.461674288	17.18824953	997	5.81749E-58
remain	retain	V	5.75	0.56752974	43	21	0.478109243	17.14822713	997	1.56043E-55
pretend	portray	V	7.03	0.58349496	46	24	0.477249772	16.72452236	997	1.41157E-55
forget	retain	V	0.63	0.48977306	4.5	11	0.468066601	16.73217064	997	1.09687E-45
want	choose	V	4.78	0.6894175	31	39	0.468233732	14.93855523	997	1.96226E-65
lose	get	V	0.77	0.6957888	6	40	0.427661474	18.41884915	997	3.24423E-69
try	think	V	2.62	0.4250188	19.5	5	0.503869396	19.04555331	997	2.81764E-85
become	appear	V	4.77	0.3179098	28	2	0.516495758	21.61441328	997	6.31051E-83
leave	ignore	V	4.42	0.58154976	27	20	0.564866464	21.24637072	997	1.37876E-83
accept	recommend	V	2.75	0.6939057	20	36	0.55826353	21.35005258	997	1.47884E-91
leave	wander	V	3.57	0.4895362	25	8	0.560134516	22.58734305	997	3.7786E-110
keep	give	V	1.05	0.6994163	12	35	0.581810325	25.39884976	997	7.9813E-105
give	allow	V	5.15	0.5931755	29	21	0.626778428	24.60221741	997	1.6249E-109
bring	send	V	2.97	0.7600466	20.5	37	0.614619766	25.30436617	997	7.3586E-108
absorb	learn	V	5.48	0.57940763	30	17	0.625359686	25.05702479	997	7.8935E-87
acquire	find	V	6.38	0.68413484	32	30	0.621616116	21.85632388	997	1.04034E-86
leave	appear	V	0.97	0.405561	8.5	3	0.569148297	21.83767547	997	1.6593E-103
create	destroy	V	0.63	0.6009884	4	20	0.568819852	24.40412875	997	1.4711E-106
begin	go	V	7.42	0.56616354	32	15	0.611526387	24.86234193	997	3.81087E-90
get	buy	V	5.08	0.7155981	25	30	0.618639263	22.36996742	997	7.09389E-62
collect	save	V	6.67	0.742319	29	30	0.578088324	17.81957171	997	2.90386E-44
replace	restore	V	5.73	0.62563634	27	21	0.491485638	14.66981824	997	8.51362E-84
join	add	V	8.1	0.42745024	30	3	0.421344136	21.38287632	997	3.38809E-55
join	marry	V	5.35	0.6515077	26	22	0.560725055	16.66531065	997	2.97091E-59
accept	deliver	V	1.58	0.68373835	11	23	0.466771005	17.37132332	997	2.07374E-63
attach	join	V	7.75	0.5302187	27	11	0.482023233	18.07917244	997	3.35134E-94
put	hang	V	3	0.47326934	18	4	0.496887527	22.99297965	997	1.08186E-96
go	sell	V	0.97	0.58148575	7	12	0.588659205	23.37307176	997	6.0144E-101
communicate	pray	V	3.55	0.5386575	17	10	0.594963806	24.01827675	997	2.7945E-155
give	steal	V	0.5	0.64322877	3	17	0.605419444	32.01866883	997	1.2073E-121
add	build	V	4.92	0.6343487	18	16	0.712019257	27.10198495	997	1.87248E-90
bring	restore	V	2.62	0.68826056	13	18	0.65130985	22.4175654	997	2.28004E-60
comprehend	satisfy	V	2.55	0.7801594	12	19	0.578906425	17.56265759	997	7.68877E-61
portray	decide	V	1.18	0.49232462	8	5	0.486083212	17.64334347	997	1.2441E-95
organize	become	V	1.77	0.27708817	9.5	1	0.487785944	23.21145363	997	3.325E-102
give	know	V	0.88	0.47020632	5	2	0.592296309	24.20804805	997	6.778E-119
say	verify	V	4.9	0.52281886	12	6	0.608436496	26.69640374	997	3.81203E-58
cooperate	join	V	5.18	0.6786596	13	12	0.645643917	17.18002459	997	2.18094E-67
arrange	require	V	0.98	0.50601774	5.5	3	0.477932726	18.74392923	997	1.34658E-95
borrow	want	V	1.77	0.5075422	7	3	0.510460041	23.20621036	997	2.18149E-48
investigate	pursue	V	7.15	0.68573713	12	10	0.592209441	15.44069136	997	4.1666E-181
ignore	explore	V	0.4	0.80828714	1.5	11	0.439299102	35.79346507	997	2.1027E-122
bring	complain	V	0.98	0.6100225	4	8	0.749912296	27.21379813	997	1.5513E-145
enter	owe	V	0.68	0.39072642	2	1	0.652852999	30.59874684	997	2.5649E-271
portray	notify	V	0.78	0.5937761	2	6	0.695914507	49.5782773	997	2.0337E-257
remind	sell	V	0.4	0.48158008	1	1	0.84346498	47.36296021	997	1
absorb	possess	V	5	0.7007914	5	6	0.832050294	0	997	5.49E-71
join	acquire	V	2.85	0.5177351	2	1	0	19.33584754	997	2.1772E-302
send	attend	V	1.67	0.5915259	1	3	0.522232968	54.69003566	997	#DIV/0!
gather	attend	V	4.8	0.6176985	2	3	0.866025404	#DIV/0!	997	#DIV/0!
absorb	withdraw	V	2.97	0.5911211	1	2	#DIV/0!	#DIV/0!	997	1
attend	arrive	V	6.08	0.539126	1	1	#DIV/0!	0	997	#NUM!
