word1	word2	POS	SimLex999	sim10W100S	SimLexRank	w2vRank	Spear_coef	T statistic	freedom_deg	p_value
old	new	A	1.58	0.31135973	173	183	0.53167941	19.82174378	997	5.59415E-74
smart	intelligent	A	9.2	0.36907768	979	265	0.531610246	19.81814936	997	5.88823E-74
hard	difficult	A	8.77	0.6741283	947	785	0.533738463	19.92900562	997	1.21046E-74
happy	cheerful	A	9.55	0.43392888	990.5	352	0.530652192	19.76841666	997	1.19583E-73
hard	easy	A	0.95	0.71989405	102	849	0.531751294	19.82548012	997	5.30399E-74
fast	rapid	A	8.75	0.41997513	944.5	329	0.535865365	20.04032243	997	2.46276E-75
happy	glad	A	9.17	0.5533938	973	559	0.537052705	20.10269727	997	1.00745E-75
short	long	A	1.23	0.6195175	144	689	0.535796709	20.03672081	997	2.59311E-75
stupid	dumb	A	9.58	0.54043233	988	537	0.538064702	20.15599323	997	4.68957E-76
weird	strange	A	8.93	0.4966617	957	450	0.53704434	20.10225722	997	1.01383E-75
wide	narrow	A	1.03	0.52642536	114.5	509	0.536905649	20.09496282	997	1.12561E-75
bad	awful	A	8.42	0.3431054	917	224	0.538200623	20.16316074	997	4.231E-76
easy	difficult	A	0.58	0.8358382	58	962	0.540608791	20.29051905	997	6.78059E-77
bad	terrible	A	7.78	0.59081966	859.5	625	0.546798165	20.62110689	997	5.72413E-79
hard	simple	A	1.38	0.49391174	154	441	0.545010536	20.52513793	997	2.29641E-78
smart	dumb	A	0.55	0.3983382	53	304	0.545737737	20.56412951	997	1.30633E-78
insane	crazy	A	9.57	0.43584806	980	352	0.546216605	20.58984185	997	9.00307E-79
happy	mad	A	0.95	0.38504595	99.5	283	0.547392539	20.65310481	997	3.59994E-79
large	huge	A	9.47	0.6988557	975.5	807	0.54765218	20.66709648	997	2.93889E-79
hard	tough	A	8.05	0.62328327	877.5	690	0.544167487	20.48001722	997	4.40885E-78
new	fresh	A	6.83	0.09676188	750	48	0.541818815	20.35477775	997	2.68708E-77
sharp	dull	A	0.6	0.48073858	60.5	410	0.545220844	20.5364076	997	1.951E-78
quick	rapid	A	9.7	0.45662913	976	375	0.546276252	20.5930466	997	8.5948E-79
dumb	foolish	A	6.67	0.64763916	733	730	0.54717659	20.64147411	997	4.26108E-79
wonderful	terrific	A	8.63	0.2447888	920	122	0.545147431	20.53247301	997	2.06526E-78
strange	odd	A	9.02	0.2594802	949.5	129	0.549200946	20.75073483	997	8.72952E-80
happy	angry	A	1.28	0.49948442	143	442	0.553486487	20.98377195	997	2.93581E-81
narrow	broad	A	1.18	0.6186231	132.5	670	0.554293454	21.02791989	997	1.54139E-81
simple	easy	A	9.4	0.5802246	966	593	0.556668918	21.15837619	997	2.28957E-82
old	fresh	A	0.87	0.11325049	88.5	52	0.555071056	21.07054227	997	8.27087E-82
apparent	obvious	A	8.47	0.6449244	906.5	719	0.554737576	21.0522536	997	1.0804E-81
inexpensive	cheap	A	8.72	0.68172103	921.5	775	0.552057172	20.9057852	997	9.15102E-81
nice	generous	A	5	0.24954525	540.5	121	0.548863993	20.73251233	997	1.13742E-79
weird	normal	A	0.72	-0.06181418	77	8	0.55012539	20.80080352	997	4.21692E-80
weird	odd	A	9.2	0.15989695	952.5	72	0.549703238	20.77792582	997	5.88056E-80
bad	immoral	A	7.62	0.48110324	826	405	0.555118181	21.07312784	997	7.96423E-82
sad	funny	A	0.95	0.6684304	96	750	0.555185244	21.07680792	997	7.54727E-82
wonderful	great	A	8.05	0.31623322	867	178	0.558761737	21.27393296	997	4.21286E-83
guilty	ashamed	A	6.38	0.2124725	699.5	102	0.561793609	21.44239042	997	3.54969E-84
beautiful	wonderful	A	6.5	0.6120274	711	648	0.564411871	21.58888187	997	4.10573E-85
confident	sure	A	8.27	0.49410227	886.5	428	0.562748712	21.49571845	997	1.61968E-84
dumb	dense	A	7.27	-0.053511716	785.5	8	0.56280272	21.49873773	997	1.54927E-84
large	big	A	9.55	0.42746866	955	328	0.567538384	21.76506375	997	3.04582E-86
nice	cruel	A	0.67	0.25316274	65	120	0.569255904	21.86243696	997	7.21036E-87
impatient	anxious	A	6.03	0.4846298	664	406	0.569031592	21.84969586	997	8.70743E-87
big	broad	A	6.73	0.32982686	727.5	195	0.568785886	21.83574782	997	1.07045E-86
strong	proud	A	3.17	0.16623336	327	76	0.57068043	21.94352026	997	2.16846E-87
unnecessary	necessary	A	0.63	0.67884415	62	753	0.571150999	21.97036923	997	1.4562E-87
restless	young	A	1.6	0.38384828	163	268	0.575305601	22.20882114	997	4.20943E-89
dumb	intelligent	A	0.75	0.14687887	76	66	0.57540865	22.21476797	997	3.85275E-89
bad	great	A	0.35	0.35851097	12	238	0.575080964	22.19586305	997	5.10506E-89
difficult	simple	A	0.87	0.48086149	83	393	0.575400373	22.21429027	997	3.88025E-89
necessary	important	A	7.37	0.4132075	788	301	0.576311032	22.26691119	997	1.77198E-89
bad	terrific	A	0.65	0.23232554	62	106	0.577437958	22.33220075	997	6.69475E-90
mad	glad	A	1.45	0.42711127	147	319	0.577178632	22.31715956	997	8.37831E-90
honest	guilty	A	1.18	0.33800662	123	201	0.577473653	22.33427192	997	6.49109E-90
easy	tough	A	0.52	0.4417296	50	336	0.577457252	22.33332023	997	6.58389E-90
easy	flexible	A	4.1	0.53991145	426	498	0.578200917	22.37651216	997	3.45623E-90
certain	sure	A	8.42	0.17603971	880.5	81	0.57788111	22.35792759	997	4.5609E-90
essential	necessary	A	8.97	0.6666343	915.5	727	0.582803031	22.64568033	997	6.17273E-92
different	normal	A	1.08	0.41258428	108	297	0.580035612	22.48343003	997	6.99885E-91
sly	clever	A	7.25	0.37448123	767	252	0.580368769	22.50290009	997	5.2313E-91
crucial	important	A	8.82	0.6221236	904	648	0.581972286	22.59685038	997	1.28264E-91
harsh	cruel	A	8.18	0.4962702	861	413	0.579886544	22.47472383	997	7.97158E-91
childish	foolish	A	5.5	0.5876318	589.5	579	0.58015721	22.49053441	997	6.29365E-91
scarce	rare	A	9.17	0.61863	921.5	639	0.579113757	22.42964435	997	1.5634E-90
friendly	generous	A	5.9	0.45850492	634	353	0.577058779	22.31021134	997	9.29293E-90
fragile	frigid	A	2.38	0.45371148	228	348	0.577147936	22.31537978	997	8.60365E-90
long	narrow	A	3.57	0.49043167	359.5	403	0.577296018	22.32396678	997	7.56952E-90
big	heavy	A	6.18	0.42085722	663	305	0.577167345	22.31650512	997	8.46047E-90
rough	frigid	A	2.47	0.36289388	237	241	0.577732138	22.34927583	997	5.18934E-90
bizarre	strange	A	9.37	0.73493594	924	810	0.57773203	22.34926953	997	5.18983E-90
illegal	immoral	A	4.28	0.5176586	443.5	447	0.574093377	22.13898336	997	1.19E-88
bad	guilty	A	4.2	0.3192652	434.5	176	0.573727384	22.11794077	997	1.62719E-88
modern	ancient	A	0.73	0.5859523	72	568	0.574263478	22.14876992	997	1.0288E-88
new	ancient	A	0.23	0.06537656	1.5	33	0.576606173	22.28399202	997	1.37375E-89
dull	funny	A	0.55	0.51213056	49.5	432	0.576066705	22.25278101	997	2.18722E-89
happy	young	A	2	0.4713942	190.5	368	0.577507899	22.33625916	997	6.3015E-90
easy	big	A	1.12	0.3416027	107.5	200	0.577836231	22.35532084	997	4.7418E-90
great	awful	A	1.17	0.090801924	113	39	0.577837683	22.35540518	997	4.73583E-90
tiny	huge	A	0.6	0.5354614	56	475	0.577561457	22.33936741	997	6.016E-90
polite	proper	A	7.63	0.16639128	795	73	0.579295753	22.44025265	997	1.33428E-90
modest	ashamed	A	2.65	0.020585537	253.5	28	0.583665431	22.69648464	997	2.88256E-92
exotic	rare	A	8.05	0.35451818	829.5	218	0.58397282	22.7146212	997	2.19617E-92
dumb	clever	A	1.17	0.38683513	111.5	259	0.586624531	22.87169579	997	2.07732E-93
delightful	wonderful	A	8.65	0.4407434	870.5	319	0.586815703	22.88306308	997	1.75106E-93
noticeable	obvious	A	8.48	0.6490111	861.5	674	0.58842295	22.9788627	997	4.14479E-94
afraid	anxious	A	5.07	0.64762074	517	672	0.586088746	22.83986863	997	3.3512E-93
formal	proper	A	8.02	0.5042626	823.5	410	0.585179792	22.78597848	997	7.52787E-93
dreary	dull	A	8.25	0.6043364	842.5	592	0.58540086	22.79907314	997	6.18433E-93
delightful	cheerful	A	6.58	0.35159048	685	212	0.58376791	22.70252946	997	2.63278E-92
unhappy	mad	A	5.95	0.27774674	625.5	130	0.585456913	22.80239461	997	5.88347E-93
sad	terrible	A	5.4	0.5300681	558.5	459	0.587597398	22.92960405	997	8.69718E-94
sick	crazy	A	3.57	0.36979127	349	236	0.587005359	22.89434593	997	1.47788E-93
violent	angry	A	6.98	0.36587092	713	232	0.587093897	22.89961509	997	1.36532E-93
laden	heavy	A	5.9	0.28444472	616.5	133	0.588788623	23.00071663	997	2.98286E-94
dirty	cheap	A	1.6	0.23535363	147.5	102	0.590857314	23.12475738	997	4.60199E-95
elastic	flexible	A	7.78	0.5736184	800	524	0.590712208	23.11603389	997	5.24895E-95
hard	dense	A	5.9	0.4354976	615	310	0.589723468	23.05668461	997	1.28398E-94
recent	new	A	7.05	0.13118878	716.5	57	0.590152474	23.08241622	997	8.71287E-95
bold	proud	A	3.97	0.113098115	397	46	0.594205207	23.32698909	997	2.17182E-96
sly	strange	A	1.97	0.34710714	180.5	201.5	0.595377168	23.39822303	997	7.39455E-97
strange	sly	A	2.07	0.34710714	187	201	0.595350487	23.39659875	997	7.57854E-97
dumb	rare	A	0.48	0.009177677	38.5	26	0.595323802	23.39497431	997	7.76713E-97
sly	tough	A	0.58	0.31764653	51.5	163	0.594847213	23.36598281	997	1.20431E-96
terrific	mad	A	0.4	0.33290088	20	179	0.594783996	23.36214014	997	1.27638E-96
modest	flexible	A	0.98	0.51247185	88.5	409	0.594833912	23.36517425	997	1.21913E-96
fresh	wide	A	0.4	0.21525529	19.5	91	0.595899193	23.43002703	997	4.5695E-97
huge	dumb	A	0.48	-0.19509923	36	2	0.595580876	23.41062831	997	6.12891E-97
large	flexible	A	0.48	0.32328886	35.5	166	0.595044195	23.37796086	997	1.00473E-96
dirty	narrow	A	0.3	0.06616403	6	30	0.595010959	23.37593939	997	1.03593E-96
wife	husband	N	2.3	0.85069287	194.5	869	0.594471844	23.34317549	997	1.70035E-96
book	text	N	6.35	0.5788551	646.5	522	0.598284182	23.57591909	997	5.01081E-98
groom	bride	N	3.17	0.59472984	293.5	550	0.597299549	23.51557074	997	1.25084E-97
night	day	N	1.88	0.6298859	161.5	615	0.597692788	23.53965257	997	8.68353E-98
south	north	N	2.2	0.9663466	184	884	0.599641662	23.65939235	997	1.41223E-98
plane	airport	N	3.65	0.3517948	344	198	0.60390258	23.92348607	997	2.5485E-100
uncle	aunt	N	5.5	0.83975565	555	863	0.604090599	23.93521333	997	2.1318E-100
horse	mare	N	8.33	0.5890368	823	541	0.602958463	23.8646939	997	6.236E-100
bottom	top	N	0.7	0.6781182	61	684	0.601819272	23.79396373	997	1.8285E-99
friend	buddy	N	8.78	0.5050391	846	392	0.605795515	24.04184163	997	4.1995E-101
student	pupil	N	9.35	0.5692514	873.5	502	0.606474336	24.08444153	997	2.1932E-101
world	globe	N	6.67	0.5452175	666.5	463	0.60589652	24.04817503	997	3.8129E-101
leg	arm	N	2.88	0.7793381	254.5	812	0.605270479	24.0089495	997	6.9331E-101
plane	jet	N	8.1	0.4209829	799	278	0.607770446	24.16601161	997	6.3174E-102
woman	man	N	3.33	0.8089669	303	835	0.609713411	24.28886558	997	9.6722E-103
horse	colt	N	7.07	0.17192078	697.5	70	0.611720079	24.41647922	997	1.3735E-103
actress	actor	N	7.12	0.83278257	703.5	847	0.615656859	24.66903546	997	2.8639E-105
teacher	instructor	N	9.25	0.64753485	863.5	638	0.612990978	24.49769076	997	3.9609E-104
movie	film	N	8.87	0.90750414	846	867	0.610851544	24.36115308	997	3.2024E-103
bird	hawk	N	7.85	0.39616117	779	252	0.606868012	24.10918512	997	1.5037E-101
word	dictionary	N	3.68	0.52292204	344	422	0.609083199	24.24894125	997	1.7803E-102
money	salary	N	7.88	0.5744798	780	505	0.608952049	24.24064197	997	2.021E-102
dog	cat	N	1.75	0.82685506	152.5	840	0.608062368	24.18442572	997	4.7692E-102
area	region	N	9.47	0.790889	862	820	0.61270192	24.47919302	997	5.2582E-104
navy	army	N	6.43	0.7190822	641.5	728	0.608831804	24.23303557	997	2.27E-102
book	literature	N	7.53	0.46142918	744.5	324	0.606758186	24.10227947	997	1.6708E-101
clothes	closet	N	3.27	0.47621456	295	343	0.607775123	24.16630651	997	6.289E-102
sunset	sunrise	N	2.47	0.79853606	212.5	819	0.607742049	24.16422115	997	6.4924E-102
child	adult	N	2.98	0.5495963	262	463	0.611167901	24.38128887	997	2.3534E-103
cow	cattle	N	9.52	0.52654886	857	426	0.611501893	24.40256741	997	1.6994E-103
book	story	N	5.63	0.6847399	562	686	0.61182176	24.42296561	997	1.2437E-103
winter	summer	N	2.38	0.82057303	203.5	828	0.610362708	24.33007569	997	5.1511E-103
taxi	cab	N	9.2	0.6278741	850	597	0.614122636	24.57026092	997	1.3027E-104
tree	maple	N	5.53	0.49957466	547.5	376	0.612218989	24.44832388	997	8.4358E-104
bed	bedroom	N	3.4	0.613535	304.5	569	0.61197845	24.43296481	997	1.0672E-103
roof	ceiling	N	7.58	0.7860418	739	804	0.612396929	24.45969278	997	7.088E-104
disease	infection	N	7.15	0.9010825	696.5	848	0.609203634	24.2565652	997	1.5846E-102
arm	shoulder	N	4.85	0.78638697	460	805	0.606170861	24.06538647	997	2.9328E-101
sheep	lamb	N	8.42	0.7428679	803	756	0.605810214	24.0427632	997	4.1409E-101
lady	gentleman	N	3.42	0.6557083	308.5	637	0.602326337	23.82541819	997	1.1334E-99
boat	anchor	N	2.25	0.68629074	185.5	683	0.603026789	23.86894339	997	5.8456E-100
priest	monk	N	6.28	0.74359256	619.5	756	0.605676051	24.03435316	997	4.7073E-101
toe	finger	N	4.68	0.6990953	432.5	691	0.603475339	23.89686127	997	3.8222E-100
river	stream	N	7.3	0.541544	707	449	0.603068261	23.87152312	997	5.6206E-100
anger	fury	N	8.73	0.66380197	813.5	646	0.602379241	23.82870252	997	1.0782E-99
date	calendar	N	4.42	0.6658005	413.5	650	0.599659554	23.66049467	997	1.3888E-98
sea	ocean	N	8.27	0.79475117	788	801	0.599308554	23.63887965	997	1.92803E-98
second	minute	N	4.62	0.35123217	425	196	0.595348585	23.39648293	997	7.59183E-97
hand	thumb	N	3.88	0.56886935	360	489	0.595866492	23.4280334	997	4.7095E-97
wood	log	N	7.3	0.33978778	703.5	182	0.595642199	23.41436412	997	5.792E-97
mud	dirt	N	7.32	0.7727636	706.5	780	0.598365305	23.58089856	997	4.64636E-98
hallway	corridor	N	9.28	0	833	17.5	0.595106841	23.38177155	997	9.48446E-97
way	manner	N	7.62	0.6363915	729.5	604	0.602919811	23.86229035	997	6.4683E-100
mouse	cat	N	1.12	0.34306645	97	185	0.600672089	23.72296744	997	5.3784E-99
cop	sheriff	N	9.05	0.3026273	823.5	142	0.600693456	23.72428769	997	5.2716E-99
death	burial	N	4.93	0.3557458	467	197	0.60577854	24.04077739	997	4.2682E-101
music	melody	N	6.98	0.6451678	667.5	617	0.606544575	24.08885418	997	2.0505E-101
beer	alcohol	N	7.5	0.61423	718	565	0.604392753	23.95407262	997	1.5996E-100
mouth	lip	N	7.1	0.5888641	680.5	519	0.602487782	23.8354425	997	9.7311E-100
storm	hurricane	N	6.38	0.6705362	621	643	0.601021511	23.74456792	997	3.8738E-99
tax	income	N	2.38	0.72516996	201	715	0.598876522	23.61230384	997	2.8856E-98
flower	violet	N	6.95	0.5991602	663.5	535	0.601756488	23.79007219	997	1.9399E-99
paper	cardboard	N	5.38	0.4943344	517	365	0.600128794	23.68942433	997	8.9515E-99
floor	ceiling	N	1.73	0.7071514	148.5	683	0.599806363	23.66954166	997	1.21059E-98
beach	seashore	N	8.33	0.49539784	777.5	365	0.603259157	23.88340159	997	4.6911E-100
rod	curtain	N	3.03	0.6225279	265.5	573	0.603932383	23.92534456	997	2.4774E-100
hound	fox	N	2.38	0.57160145	199.5	483	0.604767994	23.97751649	997	1.1193E-100
street	alley	N	5.48	0.43954587	527	290	0.605743908	24.03860642	997	4.4118E-101
boat	deck	N	4.28	0.65686214	397	620	0.606023107	24.05611507	997	3.3782E-101
car	horn	N	2.57	0.25616497	214.5	104	0.605663753	24.03358243	997	4.7629E-101
friend	guest	N	4.25	0.4180097	392	266	0.605741637	24.03846404	997	4.4214E-101
employer	employee	N	3.65	0.68049616	326.5	646	0.605789676	24.04147555	997	4.223E-101
hand	wrist	N	3.97	0.46607125	361.5	320	0.606328643	24.07529145	997	2.5217E-101
ball	cannon	N	2.58	0.42265165	216	269	0.606164472	24.06498546	997	2.9508E-101
alcohol	brandy	N	6.98	0.5129377	653	386	0.606213908	24.06808836	997	2.8145E-101
victory	triumph	N	8.98	0.73498243	799	714	0.60598344	24.0536267	997	3.5088E-101
telephone	booth	N	3.63	0.39009148	321	235	0.602213304	23.81840256	997	1.261E-99
door	doorway	N	5.4	0.5981772	509	522	0.602257194	23.82112642	997	1.2098E-99
motel	inn	N	8.17	0.49685764	753	360	0.60108559	23.74853142	997	3.6474E-99
clothes	cloth	N	5.47	0.74195313	515.5	716	0.601665344	23.78442412	997	2.1138E-99
steak	meat	N	7.47	0.6561408	693.5	611	0.600083232	23.68661365	997	9.3418E-99
nail	thumb	N	3.55	0.61274415	310.5	546	0.597562308	23.53165904	997	9.80199E-98
band	orchestra	N	7.08	0.5563603	659.5	456	0.59778003	23.54499881	997	8.00759E-98
book	bible	N	5	0.43082651	462	278	0.5967337	23.48096459	997	2.11298E-97
business	industry	N	7.02	0.6256608	648	564	0.596867769	23.48915901	997	1.86633E-97
winter	season	N	6.27	0.5394745	593.5	427	0.594825555	23.36466622	997	1.22853E-96
decade	century	N	3.48	0.3934099	305	241	0.593989545	23.31390581	997	2.64679E-96
alcohol	gin	N	8.65	0.44161382	769	285	0.593995691	23.31427852	997	2.63192E-96
hat	coat	N	2.67	0.6785045	228	629	0.595979158	23.43490291	997	4.24437E-97
window	door	N	3.33	0.8306242	288.5	776	0.597707537	23.5405563	997	8.56539E-98
arm	wrist	N	3.57	0.7114217	311.5	665	0.59977044	23.66732759	997	1.25197E-98
house	apartment	N	5.8	0.6805504	545.5	631	0.600588813	23.71782263	997	5.8155E-99
glass	crystal	N	6.27	0.6572635	588	605	0.598700524	23.60148677	997	3.40017E-98
wine	brandy	N	5.15	0.72437364	478	683	0.596584489	23.47184822	997	2.42583E-97
creator	maker	N	9.62	0.4661352	793	316	0.595265291	23.39141296	997	8.19714E-97
dinner	breakfast	N	3.33	0.59128004	288	504	0.596881603	23.49000473	997	1.84257E-97
arm	muscle	N	3.72	0.3537675	323	193	0.597139132	23.50575442	997	1.45144E-97
bubble	suds	N	8.57	0	758	17	0.597334528	23.51771177	997	1.21091E-97
bread	flour	N	3.33	0.777986	287.5	736	0.605046714	23.99494629	997	8.5822E-101
death	tragedy	N	5.8	0.409175	541	250	0.606851725	24.10816091	997	1.5274E-101
absence	presence	N	0.4	0.681711	18	626	0.607616209	24.15628874	997	7.3281E-102
gun	cannon	N	5.68	0.80257714	528	752	0.613257762	24.51477705	997	3.0487E-104
grass	blade	N	4.57	0.6711894	401	614	0.611383993	24.39505368	997	1.9065E-103
ball	basket	N	1.67	0.73041815	142.5	684	0.610851832	24.36117137	997	3.2015E-103
hose	garden	N	1.67	0.26875088	142	107	0.614982013	24.62553299	997	5.582E-105
boy	kid	N	7.5	0.68105394	676.5	623	0.61486818	24.61820356	997	6.2461E-105
church	choir	N	2.95	0.42403817	245.5	264	0.612055662	24.43789379	997	9.8963E-104
clothes	drawer	N	3.02	0.43029383	254	270	0.612044161	24.43715957	997	1.0008E-103
tower	bell	N	1.9	0.5063369	157.5	365	0.612020762	24.43566573	997	1.024E-103
father	parent	N	7.07	0.31088868	635	149	0.612735636	24.4813498	997	5.0874E-104
school	grade	N	4.42	0.5728045	386	463	0.615858488	24.68204999	997	2.3455E-105
parent	adult	N	5.37	0.34712726	486.5	185	0.615304602	24.6463171	997	4.0582E-105
bar	jail	N	1.9	0.2759835	157	114	0.616441308	24.71971322	997	1.3158E-105
car	highway	N	3.4	0.40991879	285	247	0.616365059	24.71478212	997	1.4192E-105
dictionary	definition	N	6.25	0.50519204	569.5	357	0.616337002	24.71296791	997	1.4593E-105
door	cellar	N	1.97	0.57580656	162	465	0.616068503	24.69561412	997	1.9047E-105
army	legion	N	5.95	0.6431446	542	573	0.617468508	24.78625295	997	4.7362E-106
metal	aluminum	N	7.25	0.6747991	642.5	605	0.615687453	24.67100973	997	2.7785E-105
chair	bench	N	6.67	0.51722383	599	375	0.613105169	24.50500253	997	3.5412E-104
cloud	fog	N	6	0.60679746	546.5	513	0.612698877	24.47899841	997	5.2739E-104
boy	son	N	6.75	0.5150322	605.5	370	0.611133203	24.37907946	997	2.4343E-103
water	ice	N	6.47	0.54189914	581.5	414	0.610794367	24.35751575	997	3.3857E-103
bed	blanket	N	3.02	0.40102094	250.5	240	0.609929455	24.302569	997	7.8442E-103
attorney	lawyer	N	9.35	0.7803021	764	715	0.609910755	24.30138252	997	7.9878E-103
area	zone	N	8.33	0.6163863	723	525	0.605465717	24.02117486	997	5.7545E-101
business	company	N	9.02	0.67132354	753	596	0.603309848	23.88655696	997	4.4712E-100
clothes	fabric	N	5.87	0.4498209	532.5	285	0.600143119	23.69030809	997	8.8321E-99
sweater	jacket	N	7.15	0.38259178	628	221	0.600468882	23.71041539	997	6.5081E-99
money	capital	N	6.67	0.32480308	594.5	160	0.602437894	23.83234443	997	1.0201E-99
hand	foot	N	4.17	0.5512011	361.5	420	0.605109189	23.99885508	997	8.086E-101
alcohol	cocktail	N	6.73	0.20634075	596	82	0.60461484	23.96794485	997	1.2949E-100
yard	inch	N	3.78	0.53020877	323	393	0.608766607	24.22891251	997	2.4176E-102
molecule	atom	N	6.45	0.8852527	575	752	0.608480353	24.21081885	997	3.1872E-102
lens	camera	N	4.28	0.722142	370.5	644	0.605490796	24.02274574	997	5.6184E-101
meal	dinner	N	7.15	0.5304242	621.5	393	0.60524119	24.00711606	997	7.1295E-101
eye	tear	N	3.55	0.52351755	295	380	0.604610903	23.9676989	997	1.2998E-100
god	devil	N	1.8	0.6772323	152	592	0.604451766	23.95775789	997	1.5123E-100
loop	belt	N	3.1	0.58397585	257	463	0.607396412	24.14244062	997	9.0528E-102
rat	mouse	N	7.78	0.3065155	673.5	143	0.607761435	24.16544342	997	6.3724E-102
motor	engine	N	8.65	0.6315015	720.5	537	0.61195311	24.43134741	997	1.0939E-103
car	cab	N	7.42	0.60484564	638.5	497	0.609519924	24.27660026	997	1.1666E-102
cat	lion	N	6.75	0.65688175	593	569	0.607618813	24.15645284	997	7.3098E-102
size	magnitude	N	6.33	0.6424906	564.5	553	0.605149166	24.00135663	997	7.7836E-101
reality	fantasy	N	1.03	0.37867048	86	216	0.602920887	23.86235725	997	6.4617E-100
door	gate	N	5.25	0.7679382	465	686	0.603219366	23.88092511	997	4.8713E-100
cat	pet	N	5.95	0.57520944	531.5	450	0.601582124	23.77926833	997	2.2862E-99
tin	aluminum	N	6.42	0.72815084	565	641	0.600209289	23.69439085	997	8.3012E-99
bone	jaw	N	4.17	0.7243209	356	636	0.597369402	23.51984658	997	1.17236E-97
cereal	wheat	N	3.75	0.8451218	315.5	725	0.597196993	23.50929453	997	1.37563E-97
house	key	N	1.9	-0.14845224	154.5	3	0.598396567	23.58281777	997	4.51308E-98
blood	flesh	N	4.28	0.6778002	363	583	0.59848115	23.58801125	997	4.17125E-98
door	corridor	N	3.73	0.35263908	311	183	0.598021187	23.55978386	997	6.39969E-98
god	spirit	N	7.3	0.6836401	620	588	0.598250356	23.57384316	997	5.17105E-98
capability	competence	N	7.62	0.2705026	641	106	0.595212157	23.38817936	997	8.60816E-97
abundance	plenty	N	8.97	0.2892097	723	120	0.599925907	23.67691125	997	1.08244E-98
sofa	chair	N	6.67	0.007098282	577	20	0.605852608	24.04542132	997	3.9764E-101
wall	brick	N	4.68	0.67629766	385	577	0.611516061	24.40347054	997	1.6761E-103
horn	drum	N	2.68	0.8068122	219	699	0.610736565	24.35383935	997	3.5815E-103
organ	liver	N	6.15	0.35635874	541	182	0.613915809	24.55697957	997	1.5968E-104
strength	might	N	7.07	0.16418055	597.5	60	0.615893657	24.68432083	997	2.2652E-105
phrase	word	N	5.48	0.8259016	479.5	706	0.621172194	25.02788139	997	1.1526E-107
band	parade	N	3.92	0.24204417	327	92	0.619262177	24.90293512	997	7.8813E-107
stomach	waist	N	5.9	0.44324887	517.5	263	0.620297241	24.97055561	997	2.7852E-107
cloud	storm	N	5.6	0.47538307	490.5	299	0.620891934	25.00950262	997	1.5295E-107
joy	pride	N	5	0.5483224	427.5	400	0.620903127	25.01023628	997	1.5123E-107
noise	rattle	N	6.17	0.27751327	537	110	0.620047352	24.95421109	997	3.5816E-107
rain	mist	N	5.97	0.6501562	520.5	547	0.623373623	25.1727923	997	1.2364E-108
beer	beverage	N	5.42	0.834707	470	703	0.621261994	25.03377357	997	1.0526E-107
man	uncle	N	3.92	0.3582064	326.5	185	0.619408425	24.91247666	997	6.8057E-107
apple	juice	N	2.88	0.56303704	233	423	0.61972762	24.93331628	997	4.9393E-107
intelligence	logic	N	6.5	0.3374761	552.5	163	0.620134007	24.95987752	997	3.2825E-107
communication	language	N	7.47	0.37549326	614	199	0.622720908	25.12972536	997	2.4012E-108
mink	fur	N	6.83	0	571.5	15.5	0.625446942	25.31016525	997	1.4858E-109
mob	crowd	N	7.85	0.65813863	645.5	549	0.631629837	25.72510602	997	2.4325E-112
shore	coast	N	8.83	0.85584724	698.5	702	0.628830514	25.53624905	997	4.5206E-111
wire	cord	N	7.62	0.57258075	622.5	427	0.623913945	25.20850854	997	7.1289E-109
bird	turkey	N	6.58	0.48510554	557.5	306	0.62266655	25.12614258	997	2.5375E-108
bed	crib	N	7.3	0.38737234	601.5	209	0.622972167	25.14629357	997	1.8601E-108
competence	ability	N	7.5	0.41725585	614	235	0.625498601	25.31359922	997	1.4091E-109
cloud	haze	N	7.32	0.52540886	603	363	0.627688808	25.45969697	997	1.476E-110
supper	meal	N	7.53	0.639904	615	527	0.627420785	25.44176517	997	1.9472E-110
bar	cage	N	2.8	0.42693815	228	242	0.624811111	25.26794362	997	2.8504E-109
water	salt	N	1.3	0.7502775	112.5	634	0.624776157	25.26562492	997	2.9542E-109
sense	intuition	N	7.68	0.48652118	623.5	306	0.629855692	25.60522068	997	1.5557E-111
situation	condition	N	6.58	0.6057066	555	471	0.630780686	25.66764248	997	5.9213E-112
crime	theft	N	7.53	0.58420205	611.5	437	0.628922423	25.54242352	997	4.109E-111
style	fashion	N	8.5	0.69602466	672	569	0.627493622	25.4466368	997	1.8061E-110
boundary	border	N	9.08	0.71286786	695	588	0.624044244	25.21713038	997	6.2414E-109
arm	body	N	4.05	0.56267947	336	413	0.620155624	24.96129131	997	3.2119E-107
boat	car	N	2.37	0.6287041	186.5	503	0.619513499	24.91933453	997	6.1244E-107
sandwich	lunch	N	6.3	0.33435032	537.5	156	0.62114078	25.0258206	997	1.1897E-107
bride	princess	N	2.8	0.5769572	225.5	426	0.624111501	25.2215821	997	5.8273E-109
heroine	hero	N	8.78	0.68262684	678.5	553	0.624553701	25.25087406	997	3.7091E-109
car	gauge	N	1.13	0.18981332	96.5	70	0.621167445	25.02756988	997	1.1581E-107
insect	bee	N	6.07	0.5912789	518.5	444	0.620942403	25.01281108	997	1.4535E-107
crib	cradle	N	8.55	0.433296	666	246	0.619263589	24.90302722	997	7.8701E-107
animal	person	N	3.05	0.40775615	243.5	222	0.622208742	25.09599199	997	4.0378E-108
marijuana	herb	N	6.5	0.4506134	543	260	0.622176151	25.0938472	997	4.1734E-108
bed	hospital	N	0.92	0.4663921	73	277	0.623289301	25.16722378	997	1.3472E-108
cheek	tongue	N	4.52	0.6110133	365.5	468	0.624279064	25.23267704	997	4.9109E-109
disc	computer	N	3.2	0.40376696	256	220	0.623276167	25.16635657	997	1.3654E-108
curve	angle	N	3.33	0.7704567	264	637	0.623253932	25.16488848	997	1.3966E-108
grass	moss	N	5	0.55565846	414	393	0.624670799	25.25863743	997	3.2904E-109
school	law	N	1.13	0.27679962	95	106	0.623648138	25.19093085	997	9.3482E-109
foot	head	N	2.3	0.5042932	174	321	0.623498374	25.18103327	997	1.0889E-108
mother	guardian	N	6.5	0.5575054	535.5	396	0.623900978	25.20765066	997	7.2239E-109
orthodontist	dentist	N	8.27	0	645.5	15	0.622762176	25.13244571	997	2.3026E-108
alcohol	whiskey	N	7.27	0.47111958	579	278	0.632309713	25.77122548	997	1.1908E-112
mouth	tooth	N	6.3	0.5840048	526	421	0.633550136	25.85562565	997	3.22E-113
breakfast	bacon	N	4.37	0.6650469	350	527	0.632121306	25.75843497	997	1.4517E-112
bathroom	bedroom	N	3.4	0.60757864	265.5	456	0.631254	25.69965351	997	3.6075E-112
plate	bowl	N	5.23	0.6658935	436	527	0.631302372	25.70292768	997	3.4292E-112
meat	bacon	N	5.8	0.74717	487.5	603	0.629395822	25.57425434	997	2.5116E-111
air	helium	N	3.63	0.4749335	284.5	280	0.626566494	25.38470927	997	4.7008E-110
worker	employer	N	5.37	0.60689914	445	453	0.62633815	25.36948433	997	5.9467E-110
body	chest	N	4.45	0.5743055	353.5	408	0.624688457	25.25980839	997	3.2315E-109
son	father	N	3.82	0.78337055	304.5	633	0.623796194	25.20071992	997	8.0386E-109
heart	surgery	N	1.08	0.6371152	91.5	494	0.624217141	25.22857624	997	5.2315E-109
woman	secretary	N	1.98	0.24163626	155.5	88	0.627889606	25.47314088	997	1.1991E-110
man	father	N	4.83	0.5025952	381	314	0.627907835	25.47436176	997	1.1767E-110
beach	island	N	5.6	0.58199	462	414	0.627415732	25.44142724	997	1.9574E-110
story	topic	N	5	0.34186193	403.5	159	0.625969961	25.34495775	997	8.6842E-110
game	fun	N	3.42	0.28126165	266	106	0.627363198	25.43791432	997	2.0666E-110
weekend	week	N	4	0.7276473	316.5	573	0.628024711	25.48219121	997	1.0426E-110
couple	pair	N	8.33	0.49889314	631.5	305	0.627803831	25.46739699	997	1.3104E-110
woman	wife	N	5.72	0.6026471	469	442	0.629005001	25.54797256	997	3.7711E-111
sheep	cattle	N	4.77	0.91538876	368	661	0.627242305	25.42983245	997	2.3414E-110
purse	bag	N	8.33	0.39317802	629	208	0.626377421	25.372102	997	5.7111E-110
ceiling	cathedral	N	2.42	0.3460909	185	163	0.630141063	25.62445919	997	1.1552E-111
bean	coffee	N	5.15	0.7220518	417.5	562	0.630153606	25.62530516	997	1.1402E-111
wood	paper	N	2.88	0.34015414	221.5	157	0.628154424	25.49088392	997	9.1153E-111
top	side	N	1.9	0.44164905	149	240	0.628266295	25.49838384	997	8.1176E-111
crime	fraud	N	5.65	0.7518541	458.5	590	0.628473986	25.51231442	997	6.5449E-111
pain	harm	N	5.38	0.7122867	432.5	549	0.62578729	25.33279964	997	1.0477E-109
lover	companion	N	5.97	0.77820873	480	612	0.623544651	25.18409116	997	1.0388E-108
evening	dusk	N	7.78	0.41256425	588	217	0.62036077	24.97471282	997	2.6126E-107
father	daughter	N	2.62	0.72373635	201	559	0.623202636	25.16150207	997	1.4715E-108
wine	liquor	N	7.85	0.63382274	590	476	0.625359029	25.30432255	997	1.626E-109
cow	goat	N	2.93	0.78505135	221.5	613	0.622621762	25.12319107	997	2.6556E-108
belief	opinion	N	7.7	0.6139131	579	448	0.624987119	25.27962291	997	2.3804E-109
reality	illusion	N	1.42	0.58669317	114	412	0.622668635	25.12628002	997	2.5321E-108
pact	agreement	N	9.02	0.771585	638.5	603	0.624879029	25.27244966	997	2.659E-109
wealth	poverty	N	1.27	0.55542856	105	377	0.619689115	24.93080127	997	5.1342E-107
accident	emergency	N	4.93	0.4851214	387.5	284	0.621632631	25.05810979	997	7.2367E-108
battle	conquest	N	7.22	0.5445158	544.5	363	0.621297507	25.03610418	997	1.0155E-107
friend	teacher	N	2.62	0.6690798	198.5	506	0.6203532	24.97421742	997	2.6326E-107
illness	infection	N	6.9	0.74768597	525	576	0.621985415	25.08129922	997	5.0633E-108
game	trick	N	2.32	0.5824174	171	403	0.618047164	24.8238272	997	2.659E-106
brother	son	N	3.48	0.8600739	260.5	631	0.619160333	24.8962931	997	8.7288E-107
aunt	nephew	N	3.1	0.76599294	232.5	591	0.620720699	24.99828107	997	1.8178E-107
worker	mechanic	N	4.92	0.29266062	378.5	112	0.62262793	25.12359748	997	2.639E-108
doctor	orthodontist	N	5.58	0	439	14.5	0.624643101	25.25680087	997	3.385E-109
oak	maple	N	6.03	0.7780627	472.5	596	0.630042644	25.61782223	997	1.2801E-111
bee	queen	N	3.27	0.3011597	245.5	120	0.626649735	25.3902621	997	4.3145E-110
car	bicycle	N	3.47	0.6226426	257	453	0.627115995	25.42139174	997	2.6676E-110
goal	quest	N	5.83	0.35725066	458.5	168	0.627193929	25.42659931	997	2.4614E-110
august	month	N	5.53	0.18654549	433	67	0.629351768	25.5712902	997	2.6294E-111
army	squad	N	5.08	0.38582855	392	192	0.63340725	25.84588653	997	3.7447E-113
cloud	weather	N	4.87	0.37194514	371	180	0.634328324	25.90874452	997	1.4132E-113
physician	doctor	N	8.88	0.70077246	619.5	517	0.635233839	25.97072059	997	5.4041E-114
canyon	valley	N	6.75	0.6003214	504.5	421	0.631298476	25.70266397	997	3.4432E-112
river	valley	N	1.67	0.8825839	133.5	624	0.629168175	25.55894172	997	3.1827E-111
sun	sky	N	2.27	0.8605251	165.5	619	0.635045255	25.95779856	997	6.6036E-114
target	arrow	N	3.25	0.36147436	241.5	173	0.639770525	26.28395083	997	4.1682E-116
chocolate	pie	N	2.27	0.58421326	165	396	0.639878775	26.29148106	997	3.7077E-116
circumstance	situation	N	7.85	0.429038	564.5	221	0.641145188	26.3797744	997	9.3907E-117
opinion	choice	N	5.43	0.42504874	418	218	0.643876578	26.57145487	997	4.7505E-118
rhythm	melody	N	6.12	0.9082909	467.5	620	0.64467022	26.62747406	997	1.9847E-118
gut	nerve	N	4.93	0.6228545	375	444	0.641078667	26.37512751	997	1.0095E-116
day	dawn	N	5.47	0.3346345	419	147	0.639424945	26.25992887	997	6.0554E-116
cattle	beef	N	7.03	0.85822934	507	612	0.641620917	26.41303627	997	5.5966E-117
doctor	professor	N	4.65	0.44779617	338	236	0.637201851	26.10603783	997	6.6156E-115
arm	vein	N	3.65	0.19626841	267	71	0.63715451	26.10277271	997	6.9596E-115
room	bath	N	3.33	0.5531855	244.5	358	0.638442778	26.19180313	997	1.7457E-115
corporation	business	N	9.02	0.6820498	606	492	0.638240539	26.17780217	997	2.17E-115
fun	football	N	1.97	0.17706029	149.5	63	0.634432125	25.91583988	997	1.2659E-113
hill	cliff	N	4.28	0.81724143	318.5	596	0.634560417	25.92461256	997	1.1049E-113
bone	ankle	N	3.82	0.510736	281	300	0.634140218	25.89589237	997	1.7248E-113
apple	candy	N	2.08	0.5406566	155.5	343	0.63363288	25.86126746	997	2.9503E-113
helper	maid	N	5.58	0.5202963	419.5	315	0.634550907	25.92396212	997	1.1161E-113
leader	manager	N	7.27	0.48821035	515.5	278	0.633723997	25.86748196	997	2.6794E-113
lemon	tea	N	1.6	0.8159678	128	590	0.634255438	25.90376373	997	1.5266E-113
bee	ant	N	2.78	0.741179	204.5	543	0.640111021	26.30764586	997	2.8836E-116
basketball	baseball	N	4.92	0.75791985	362	554	0.642460469	26.47186224	997	2.2402E-117
rice	bean	N	2.72	0.7584683	200	556	0.640777018	26.35406827	997	1.4008E-116
bed	furniture	N	6.08	0.31742913	451	130	0.6435732	26.55007968	997	6.6273E-118
emotion	passion	N	7.72	0.55576885	539	356	0.646901373	26.78575192	997	1.6827E-119
anarchy	chaos	N	7.93	0.5605533	547	363	0.645751737	26.70405023	997	6.0163E-119
crime	violation	N	7.12	0.50165117	501	287	0.644480334	26.61405759	997	2.4461E-118
machine	engine	N	5.58	0.6870976	415	489	0.644661187	26.62683566	997	2.0045E-118
beach	sea	N	4.68	0.5729277	331.5	370	0.641960444	26.43680682	997	3.866E-117
alley	bowl	N	1.53	0.47976646	121	259	0.640758359	26.35276633	997	1.4294E-116
jar	bottle	N	7.83	0.70582753	538.5	497	0.64143711	26.40017877	997	6.8363E-117
strength	capability	N	5.28	0.57683045	391	373	0.637279667	26.11140592	997	6.0864E-115
seed	mustard	N	3.48	0.6590075	246	466	0.635600754	25.99588442	997	3.6573E-114
guitar	drum	N	3.78	0.8518935	271.5	586	0.635879077	26.01499206	997	2.7189E-114
opinion	idea	N	5.7	0.44542417	419	230	0.636736624	26.0739724	997	1.0884E-114
north	west	N	3.63	0.95978	256	591	0.637272803	26.11093235	997	6.1314E-115
diet	salad	N	2.98	0.52161974	212.5	310	0.638768408	26.21436568	997	1.2295E-115
mother	wife	N	3.02	0.83908397	216	583	0.638720029	26.2110121	997	1.2952E-115
dad	mother	N	3.55	0.27166533	246.5	96	0.641625686	26.41336995	997	5.5677E-117
captain	sailor	N	5	0.588851	360	382	0.642477432	26.47305246	997	2.1991E-117
meter	yard	N	5.6	0.5267015	406.5	316	0.64084519	26.35882586	997	1.3009E-116
beer	champagne	N	4.45	0.3379944	315	147	0.639724919	26.28077911	997	4.3789E-116
motor	boat	N	2.57	0.39705434	185	194	0.640656262	26.34564368	997	1.5969E-116
card	bridge	N	1.97	0.29764935	147	114	0.640613518	26.3426624	997	1.6727E-116
science	psychology	N	4.92	0.8103154	349.5	566	0.640627301	26.34362367	997	1.6479E-116
sinner	saint	N	1.6	0.56951886	126.5	360	0.638980849	26.22909831	997	9.7785E-116
destruction	construction	N	0.98	0.27562416	81	98	0.640877207	26.36106059	997	1.2564E-116
crowd	bunch	N	7.42	0.30920756	497	123	0.640763006	26.35309058	997	1.4223E-116
beach	reef	N	3.77	0.64939326	262	447	0.645749319	26.70387875	997	6.0324E-119
man	child	N	4.13	0.6191439	288.5	411	0.645582153	26.69202481	997	7.2569E-119
bread	cheese	N	1.95	0.7701108	143.5	543	0.644733629	26.63195612	997	1.8508E-118
champion	winner	N	8.73	0.7816145	558	547	0.649860953	26.99753277	997	6.1728E-121
celebration	ceremony	N	7.72	0.7200019	514.5	499	0.644083808	26.58606802	997	3.7833E-118
menu	order	N	3.62	0.14461014	246.5	50	0.639405684	26.25859077	997	6.1827E-116
king	princess	N	3.27	0.71854395	228	495	0.640975064	26.36789228	997	1.1297E-116
wealth	prestige	N	6.07	0.7241625	425	500	0.642218496	26.45489095	997	2.9176E-117
endurance	strength	N	6.58	0.5953573	449.5	381	0.63867764	26.2080741	997	1.3557E-115
danger	threat	N	8.78	0.72959614	555	503	0.636186903	26.03614507	997	1.958E-114
god	priest	N	4.5	0.5578924	308	348	0.630650292	25.65883207	997	6.7864E-112
men	fraternity	N	3.13	0.061295975	221	22	0.629397034	25.5743359	997	2.5084E-111
buddy	companion	N	8.65	0.53921217	547	324	0.631020388	25.68384798	997	4.6076E-112
teacher	helper	N	4.28	0.12911195	296	43	0.630097703	25.62153496	997	1.2086E-111
body	stomach	N	3.93	0.49275255	268.5	267	0.632893661	25.81091683	997	6.4383E-113
tongue	throat	N	3.1	0.55228084	216	334	0.632299743	25.77054847	997	1.2034E-112
house	carpet	N	1.38	0.21912996	110.5	72	0.632224692	25.7654527	997	1.3022E-112
intelligence	skill	N	5.35	0.35699257	373	152	0.632144822	25.76003104	997	1.4163E-112
journey	conquest	N	4.72	0.5330499	312	313	0.633865226	25.87711777	997	2.3076E-113
god	prey	N	1.23	0.30840117	101.5	117	0.632735936	25.80018895	997	7.6026E-113
brother	soul	N	0.97	0.25188607	77	83	0.632701784	25.79786673	997	7.8812E-113
adversary	opponent	N	9.05	0.54851943	550	325	0.63253157	25.78629666	997	9.4285E-113
death	catastrophe	N	4.13	0.3257216	279	131	0.631647703	25.72631672	997	2.3873E-112
monster	demon	N	6.95	0.64481634	455	427	0.63251953	25.78547847	997	9.5487E-113
day	morning	N	4.87	0.6554947	328.5	434	0.628944013	25.54387416	997	4.0178E-111
man	victor	N	1.9	0.21958846	138.5	72	0.626968484	25.41153835	997	3.1061E-110
friend	guy	N	3.88	0.5038948	259.5	270	0.627074536	25.41862188	997	2.7842E-110
song	story	N	3.97	0.51849645	264	288	0.626455723	25.37732226	997	5.2688E-110
ray	sunshine	N	6.83	0.24986371	445	81	0.625725061	25.32865939	997	1.1168E-109
guy	stud	N	5.83	-0.03335014	397	7	0.631541383	25.71911303	997	2.669E-112
chicken	rice	N	1.43	0.8344878	110.5	540	0.638712567	26.21049488	997	1.3057E-115
box	elevator	N	1.32	0.4473236	105	214	0.645809558	26.70815197	997	5.6436E-119
butter	potato	N	1.22	0.82461256	98.5	536	0.646394638	26.74970103	997	2.9525E-119
apartment	furniture	N	1.28	0.3221654	101.5	121	0.654178569	27.31031724	997	4.6473E-123
lake	swamp	N	4.92	0.5767668	324	341	0.654167961	27.30954311	997	4.704E-123
salad	vinegar	N	1.13	0.75100005	91.5	499	0.652693033	27.20218001	997	2.5216E-122
flower	bulb	N	4.48	0.4562152	291	217	0.659800687	27.72462349	997	7.0715E-126
cloud	mist	N	6.67	0.683337	429.5	441	0.659576805	27.70796966	997	9.1808E-126
driver	pilot	N	6.28	0.73280686	413	482	0.656021461	27.44523619	997	5.6267E-124
sugar	honey	N	5.13	0.7587845	339	500	0.652229252	27.16853203	997	4.2671E-122
body	shoulder	N	2.88	0.46547902	192	228	0.650060389	27.01187991	997	4.9337E-121
idea	image	N	3.55	0.51272875	228	273	0.649924031	27.0020695	997	5.7506E-121
father	brother	N	4.2	0.8382516	275	530	0.64949987	26.97158155	997	9.2573E-121
moon	planet	N	5.87	0.7209918	386	469	0.649674474	26.9841265	997	7.6104E-121
ball	costume	N	2.32	0.26243818	150.5	83	0.646295232	26.74263605	997	3.2964E-119
rail	fence	N	5.22	0.4116769	343.5	184	0.646466303	26.7547958	997	2.727E-119
room	bed	N	2.35	0.6897086	152.5	442	0.647096742	26.79966741	997	1.3544E-119
flower	bush	N	4.25	0.53823006	275.5	301	0.650376345	27.03462914	997	3.4582E-121
bone	knee	N	4.17	0.519518	269.5	280	0.64940697	26.96490989	997	1.0274E-120
arm	knee	N	2.75	0.679174	184	432	0.648574628	26.90522769	997	2.6084E-120
bottom	side	N	2.63	0.59280163	178	348	0.65056013	27.04787313	997	2.8119E-121
vessel	vein	N	5.15	0.16832672	334	55	0.651451183	27.11220128	997	1.0292E-121
cat	rabbit	N	2.37	0.74926156	154	483	0.655355317	27.3963686	997	1.209E-123
meat	sandwich	N	2.35	0.52426344	152	286	0.65981102	27.72539241	997	6.9868E-126
belief	concept	N	5.08	0.5749455	322.5	330	0.660567603	27.78177074	997	2.8868E-126
intelligence	insight	N	5.9	0.34286025	376	131	0.658965229	27.6625433	997	1.871E-125
attention	interest	N	7.22	0.61409366	436	370	0.66154834	27.85507605	997	9.1446E-127
attitude	confidence	N	4.35	0.35993752	272	146	0.658572097	27.63339359	997	2.9542E-125
right	justice	N	7.05	0.50153613	425	257	0.659151836	27.6763937	997	1.5059E-125
argument	agreement	N	1.45	0.31517872	108.5	113	0.658802104	27.65044309	997	2.2616E-125
depth	magnitude	N	6.12	0.6848492	385	428	0.658781136	27.64888828	997	2.3174E-125
medium	news	N	3.65	0.07263843	227.5	21	0.655447428	27.40311908	997	1.0878E-123
winner	candidate	N	2.78	0.59127617	181	338	0.657707532	27.5694288	997	8.0473E-125
birthday	date	N	5.08	0.4720945	318	226	0.658417423	27.62193589	997	3.5352E-125
fee	payment	N	7.15	0.80222017	425	499	0.657997137	27.59083377	997	5.7548E-125
bible	hymn	N	5.15	0.4603083	325.5	213	0.653153191	27.2356178	997	1.4949E-122
exit	doorway	N	5.5	0.3371778	347.5	127	0.652970703	27.22235082	997	1.8395E-122
man	sentry	N	3.25	0.09740017	207	30	0.65521052	27.38576131	997	1.4274E-123
aisle	hall	N	6.35	0.38659745	389	162	0.656903777	27.51013528	997	2.0368E-124
whiskey	gin	N	6.28	0.71036524	386.5	436	0.658944966	27.66103983	997	1.9156E-125
blood	marrow	N	3.4	0.76114345	212	476	0.655287721	27.39141612	997	1.3065E-123
oil	mink	N	1.23	0	98	13	0.657163729	27.52929397	997	1.5089E-124
floor	deck	N	5.55	0.7334614	345.5	454	0.657229492	27.53414354	997	1.3985E-124
roof	floor	N	2.62	0.8071986	170	492	0.654334987	27.32173549	997	3.8871E-123
door	floor	N	1.67	0.66686904	119	411	0.658677608	27.64121299	997	2.6136E-125
shoulder	head	N	3.42	0.61138153	210.5	354	0.663161377	27.97619629	997	1.3675E-127
wagon	carriage	N	7.7	0.7029869	444.5	424	0.66337785	27.99250367	997	1.0587E-127
car	carriage	N	5.13	0.74366283	315.5	460	0.658718661	27.64425625	997	2.4919E-125
elbow	ankle	N	3.13	0.8156071	198.5	489	0.656668334	27.49279776	997	2.6721E-124
wealth	fame	N	4.02	0.46942577	246	220	0.659877375	27.73033098	997	6.4663E-126
sorrow	shame	N	4.77	0.74205685	280.5	455	0.659334054	27.6899271	997	1.2181E-125
administration	management	N	7.25	0.5307064	414	281	0.65847293	27.62604692	997	3.3147E-125
communication	conversation	N	8.02	0.19193248	450	58	0.656903779	27.5101354	997	2.0368E-124
pollution	atmosphere	N	4.25	0.5546574	259	300	0.665747516	28.17184078	997	6.3389E-129
anatomy	biology	N	5.33	0.8519746	323.5	489	0.664675424	28.0905165	997	2.2731E-128
college	profession	N	3.12	0.5993922	196.5	338	0.66247628	27.92466896	997	3.0694E-127
book	topic	N	2.07	0.4763463	135.5	221	0.662911748	27.95740679	997	1.8364E-127
formula	equation	N	7.95	0.87074125	444	490	0.663360001	27.99115863	997	1.0813E-127
book	information	N	5	0.14879876	300.5	44	0.657132562	27.52699604	997	1.5642E-124
boy	partner	N	1.9	0.3209545	130	112	0.66123468	27.83160395	997	1.3214E-126
sky	universe	N	4.68	0.49615029	269	240	0.661240594	27.83204626	997	1.3123E-126
population	people	N	7.68	0.5228594	431	266	0.660338156	27.7646572	997	3.7753E-126
college	class	N	4.13	0.2649453	248.5	77	0.659211153	27.68079826	997	1.4055E-125
chief	mayor	N	4.85	0.6021462	286.5	335	0.661008345	27.81468274	997	1.723E-126
rabbi	minister	N	7.62	0.48120177	421	222	0.659252316	27.68385531	997	1.3397E-125
meter	inch	N	5.08	0.76022816	300.5	453	0.659607802	27.71027467	997	8.855E-126
polyester	cotton	N	5.63	0.52398705	332.5	265	0.65768192	27.56753681	997	8.2894E-125
lawyer	banker	N	1.88	0.62242013	129	353	0.656123905	27.45276131	997	5.0014E-124
violin	instrument	N	6.58	0.6839448	375	401	0.659159054	27.67692958	997	1.4933E-125
camp	cabin	N	4.2	0.3291256	251.5	118	0.655030585	27.37258735	997	1.7542E-123
pot	appliance	N	2.53	0.30606532	158	104	0.655950184	27.44000202	997	6.1071E-124
linen	fabric	N	7.47	0.64410204	408.5	375	0.65610562	27.45141793	997	5.1077E-124
whiskey	champagne	N	5.33	0.5750163	312	305	0.651688227	27.129347	997	7.8727E-122
girl	child	N	5.38	0.66429067	314	388	0.649504112	26.97188624	997	9.2134E-121
cottage	cabin	N	7.72	0.56208414	420	297	0.646655868	26.7682782	997	2.2099E-119
bird	hen	N	7.03	0.3542391	385.5	128	0.643984962	26.57909648	997	4.2173E-118
racket	noise	N	8.1	0.37635028	432.5	147	0.647534321	26.83086775	997	8.3243E-120
sunset	evening	N	5.98	0.5863717	346	309	0.651673169	27.12825747	997	8.0079E-122
drizzle	rain	N	9.17	0.6262217	467	349	0.648931335	26.93078454	997	1.7503E-120
adult	baby	N	2.22	0.48000088	139.5	214	0.644392843	26.6078787	997	2.6934E-118
charcoal	coal	N	7.63	0.6841526	411.5	390	0.644659473	26.6267145	997	2.0083E-118
body	spine	N	4.78	0.5564493	274	288	0.63919087	26.24367312	997	7.7963E-116
head	nail	N	2.47	0.43081886	153	180	0.637342811	26.11576289	997	5.6882E-115
log	timber	N	8.05	0.16863607	424	51	0.637256839	26.10983103	997	6.2371E-115
spoon	cup	N	2.02	0.5274837	132	259	0.647263131	26.81152591	997	1.1256E-119
body	nerve	N	3.13	0.5062497	190	237	0.648225416	26.8802375	997	3.8527E-120
man	husband	N	5.32	0.48358622	305.5	218	0.647787253	26.84892319	997	6.2805E-120
bone	neck	N	2.53	0.71425325	154.5	401	0.646910327	26.78638943	997	1.6661E-119
frustration	anger	N	6.5	0.64488983	360	363	0.650197877	27.02177626	997	4.2271E-121
river	sea	N	5.72	0.75428736	324.5	425	0.645924833	26.71633173	997	4.9679E-119
task	job	N	8.87	0.5101229	450.5	238	0.641930439	26.43470508	997	3.9946E-117
club	society	N	5.23	0.13278496	301.5	42	0.641780292	26.42419095	997	4.7048E-117
reflection	image	N	7.27	0.45751005	385	196	0.647141965	26.80288981	997	1.288E-119
prince	king	N	5.92	0.8618564	334.5	452	0.647917579	26.85823242	997	5.4314E-120
snow	weather	N	5.48	0.72170746	312	402	0.643200366	26.52384008	997	9.9727E-118
people	party	N	2.2	0.24269086	136.5	70	0.639319499	26.25260447	997	6.7857E-116
boy	brother	N	6.67	0.528627	359	253	0.639647198	26.27537502	997	4.7627E-116
root	grass	N	3.55	0.3546312	201.5	125	0.637683772	26.13930453	997	3.9463E-115
brow	eye	N	3.82	0.47540936	220.5	207	0.637958342	26.15828102	997	2.9388E-115
money	pearl	N	2.1	-0.014175549	134	8	0.637151088	26.10253667	997	6.9852E-115
money	diamond	N	3.42	0.17495835	197	50	0.638330024	26.18399609	997	1.9709E-115
vehicle	bus	N	6.47	0.63630116	349	344	0.640174019	26.31203272	997	2.6935E-116
cab	bus	N	5.6	0.48096985	311	206	0.635757647	26.00665349	997	3.0945E-114
house	barn	N	4.33	0.4865714	242	212	0.634996696	25.95447255	997	6.9533E-114
finger	palm	N	3.33	0.494017	193	220	0.63397534	25.88463362	997	2.0538E-113
car	bridge	N	0.95	0.5011057	74.5	222	0.633299057	25.83851507	997	4.1979E-113
effort	difficulty	N	4.45	0.2898711	245.5	83	0.635281937	25.97401762	997	5.1346E-114
fact	insight	N	4.77	0.124517485	257	37	0.637418223	26.12096745	997	5.2466E-115
job	management	N	3.97	0.5588915	223.5	271	0.641716821	26.41974788	997	5.0416E-117
cancer	sickness	N	7.93	0.65209144	395.5	350	0.6403996	26.32774847	997	2.1094E-116
word	newspaper	N	2.47	0.18291137	148.5	50	0.634870894	25.9458581	997	7.9473E-114
composer	writer	N	6.58	0.787048	343.5	422	0.635719734	26.00405065	997	3.222E-114
actor	singer	N	4.52	0.75087595	244	404	0.629831759	25.603608	997	1.595E-111
shelter	hut	N	6.47	0.33746487	339.5	111	0.628207421	25.49443652	997	8.6283E-111
bathroom	kitchen	N	3.1	0.5968612	182.5	293	0.632067321	25.75477148	997	1.5365E-112
cabin	hut	N	6.53	0.5571907	339	267	0.631795923	25.73636337	997	2.0433E-112
door	kitchen	N	1.67	0.5557661	117.5	265	0.628901071	25.54098892	997	4.2011E-111
value	belief	N	7.07	0.28847522	354	80	0.630489057	25.64794275	997	8.0321E-112
wisdom	intelligence	N	7.47	0.29286903	369	82	0.636921281	26.08669404	997	8.9334E-115
ignorance	intelligence	N	1.5	0.3575293	108	119	0.644116831	26.58839761	997	3.6485E-118
happiness	luck	N	2.38	0.61220497	141	303	0.644130735	26.5893785	997	3.5931E-118
idea	scheme	N	6.75	0.3704981	341	127	0.645619882	26.69469963	997	6.9605E-119
mood	emotion	N	8.12	0.72884214	392	381	0.649001701	26.93582963	997	1.6177E-120
happiness	peace	N	6.03	0.4212571	319	161	0.64193649	26.43512892	997	3.9683E-117
despair	misery	N	7.22	0.5887056	355.5	280	0.643027568	26.51168965	997	1.205E-117
logic	arithmetic	N	3.97	0.73805887	218	387	0.639538581	26.26782497	997	5.3559E-116
denial	confession	N	1.03	0.5441852	81.5	251	0.638684886	26.20857628	997	1.3452E-115
argument	criticism	N	5.08	0.56644434	272	265	0.641454731	26.40141101	997	6.7064E-117
aggression	hostility	N	8.48	0.52190274	401	232	0.638871455	26.22151071	997	1.1002E-115
hysteria	confusion	N	6.33	0.28741086	327	79	0.637851822	26.15091705	997	3.2949E-115
chemistry	theory	N	3.17	0.58754647	181	273	0.64394245	26.57609881	997	4.419E-118
trial	verdict	N	3.33	0.8245202	184.5	411	0.643307193	26.53135509	997	8.8713E-118
comfort	safety	N	5.8	0.5063319	305	215	0.645083527	26.65670559	997	1.2585E-118
confidence	self	N	3.12	0.32767454	179	105	0.643629147	26.5540199	997	6.2328E-118
vision	perception	N	6.88	0.77541417	335.5	396	0.6440995	26.58717497	997	3.7186E-118
era	decade	N	5.4	0.5387821	283.5	241	0.637288731	26.11203126	997	6.0276E-115
biography	fiction	N	1.38	0.44479004	101	171	0.634828457	25.94295296	997	8.3136E-114
discussion	argument	N	5.48	0.5849396	286.5	268	0.635288602	25.97447449	997	5.0984E-114
code	symbol	N	6.03	0.26914653	308.5	71	0.632033495	25.75247629	997	1.5921E-112
danger	disease	N	3	0.44600922	170.5	173	0.638075152	26.16635931	997	2.5922E-115
accident	catastrophe	N	5.9	0.29730925	302.5	82	0.637529213	26.1286298	997	4.6579E-115
journey	trip	N	8.88	0.83649886	401	404	0.642707494	26.48920173	997	1.7102E-117
activity	movement	N	7.15	0.40791202	337.5	147	0.632725636	25.79948852	997	7.6856E-113
gossip	news	N	5.22	0.46048313	275	177	0.635331592	25.97742181	997	4.8705E-114
father	god	N	3.57	0.4573402	188	175	0.634911388	25.94863062	997	7.6128E-114
action	course	N	5.45	0.39292008	282	140	0.634170038	25.89792928	997	1.6712E-113
fever	illness	N	7.65	0.7087389	354	348	0.635568312	25.99365824	997	3.7859E-114
aviation	flight	N	8.18	0.3972786	373.5	142	0.628191998	25.49340259	997	8.7673E-111
game	action	N	4.85	0.34523994	252	108	0.632938319	25.81395529	997	6.1422E-113
molecule	air	N	3.05	0.30028182	174	84	0.635173564	25.96658965	997	5.7617E-114
home	state	N	2.58	0.05704211	148.5	18	0.636225778	26.03881795	997	1.8784E-114
word	literature	N	4.77	0.37183616	239.5	120	0.638492075	26.19521733	997	1.6555E-115
adult	guardian	N	6.9	0.12433846	323.5	34	0.639890575	26.29230208	997	3.6606E-116
newspaper	information	N	5.65	0.055053823	284	17	0.651246424	27.09740179	997	1.297E-121
communication	television	N	5.6	0.3090626	281.5	87	0.66135236	27.84040724	997	1.151E-126
cousin	uncle	N	4.63	0.86848027	231	392	0.66646901	28.22674646	997	2.676E-129
author	reader	N	1.6	0.49991825	111	193	0.663795243	28.02398221	997	6.4597E-128
guy	partner	N	3.57	0.301446	184.5	81	0.664186691	28.05354657	997	4.0613E-128
area	corner	N	2.07	0.47299603	126	176	0.665770458	28.17358445	997	6.1676E-129
ballad	song	N	7.53	0.7080275	337	336	0.665653482	28.16469523	997	7.0917E-129
wall	decoration	N	2.62	0.464961	148.5	171	0.658966969	27.66267239	997	1.8672E-125
word	page	N	2.92	0.2530528	160	64	0.658480257	27.62658962	997	3.2866E-125
nurse	scientist	N	2.08	0.4642871	126	169	0.659937612	27.73481528	997	6.0273E-126
politician	president	N	7.38	0.6327039	327	290	0.659767393	27.72214599	997	7.3515E-126
president	mayor	N	5.68	0.7573867	276.5	357	0.654773082	27.35374834	997	2.3556E-123
book	essay	N	4.72	0.79924184	229.5	376	0.648973019	26.93377302	997	1.6705E-120
man	warrior	N	4.72	0.6381531	229	296	0.645574877	26.69150899	997	7.3154E-119
article	journal	N	6.18	0.6075544	293.5	264	0.642106766	26.44705912	997	3.2958E-117
breakfast	supper	N	4.4	0.7062227	220	328	0.637765769	26.14496986	997	3.6138E-115
crowd	parade	N	3.93	0.55348253	202	230	0.634371388	25.91168788	997	1.3501E-113
aisle	hallway	N	6.75	0	303.5	11.5	0.632198459	25.76367183	997	1.3386E-112
teacher	rabbi	N	4.37	0.54556197	217.5	223	0.646016341	26.72282725	997	4.4894E-119
hip	lip	N	1.43	0.27877784	102	70	0.643693405	26.55854643	997	5.8085E-118
book	article	N	5.43	0.6960801	263.5	318	0.643890652	26.57244701	997	4.6776E-118
room	cell	N	4.58	0.30526543	220	82	0.63834267	26.18487158	997	1.9443E-115
box	booth	N	3.8	0.43308318	194	148	0.641371258	26.39557426	997	7.344E-117
daughter	kid	N	4.17	0.46663922	211	166	0.640965666	26.36723612	997	1.1413E-116
limb	leg	N	6.9	0.59210384	301	242	0.640113314	26.3078055	997	2.8765E-116
liver	lung	N	2.7	0.7699625	151.5	353	0.636337662	26.04651247	997	1.667E-114
classroom	hallway	N	2	0	124	11	0.637864104	26.15176601	997	3.2518E-115
mountain	ledge	N	3.73	0.43228805	187.5	146	0.640053446	26.30363737	997	3.0691E-116
car	elevator	N	1.03	0.6443849	81	289	0.639608851	26.27270922	997	4.9643E-116
bed	couch	N	3.42	0.5492669	172.5	219	0.644733435	26.63194244	997	1.8512E-118
clothes	button	N	2.3	0.2820301	127.5	69	0.643167336	26.52151699	997	1.034E-117
clothes	coat	N	5.35	0.6032781	251.5	249	0.6438404	26.56890472	997	4.943E-118
kidney	organ	N	6.17	0.3183536	276.5	82	0.639876577	26.29132815	997	3.7165E-116
apple	sauce	N	1.43	0.51934725	100.5	195	0.64616043	26.7330592	997	3.8274E-119
chicken	steak	N	3.73	0.7665438	183	343	0.646854401	26.78240759	997	1.7728E-119
car	hose	N	0.87	0.3687637	67.5	108	0.645547107	26.68954046	997	7.5434E-119
tobacco	cigarette	N	7.5	0.46611097	306.5	160	0.645791891	26.70689864	997	5.755E-119
student	professor	N	1.95	0.7369528	119	330	0.647308156	26.81473597	997	1.0707E-119
baby	daughter	N	5	0.58832943	232	232	0.651244167	27.0972387	997	1.3003E-121
pipe	cigar	N	6.03	0.32523543	267	89	0.647875495	26.85522589	997	5.6923E-120
milk	juice	N	4.05	0.90585786	194.5	355	0.653327475	27.248296	997	1.226E-122
box	cigar	N	1.25	0.12234067	94	29	0.651198169	27.09391554	997	1.3696E-121
apartment	hotel	N	3.33	0.689365	165	298	0.651969845	27.14973488	997	5.7245E-122
cup	cone	N	3.17	0.31963882	161.5	82	0.65105862	27.08383682	997	1.6032E-121
horse	ox	N	3.02	0.45470878	156.5	151	0.652262411	27.17093603	997	4.1097E-122
throat	nose	N	2.8	0.7443293	147	327	0.651488204	27.1148781	997	9.8703E-122
bone	teeth	N	4.17	0.7676324	194.5	333	0.652896935	27.2169902	997	2.0004E-122
bone	elbow	N	3.78	0.49342826	178	171	0.65037763	27.0347217	997	3.4532E-121
bacon	bean	N	1.22	0.7582305	93	327	0.648963181	26.9330677	997	1.689E-120
cup	jar	N	5.13	0.4606245	228	152	0.656373081	27.47107596	997	3.7546E-124
proof	fact	N	7.3	0.43449524	286	140	0.65582589	27.43087766	997	7.0447E-124
appointment	engagement	N	6.75	0.3673786	273	103	0.657972505	27.58901234	997	5.9214E-125
birthday	year	N	1.67	0.48661274	107	162	0.662912924	27.95749523	997	1.8338E-127
word	clue	N	2.53	0.2295038	132	54	0.6628966	27.95626711	997	1.8695E-127
author	creator	N	8.02	0.61495596	303.5	242	0.664308981	28.06279107	997	3.5127E-128
atom	carbon	N	3.1	0.7179148	155	303	0.65919732	27.679771	997	1.4283E-125
archbishop	bishop	N	7.05	0.81645745	274.5	336	0.659055856	27.66926873	997	1.6838E-125
letter	paragraph	N	4	0.54295146	182	201	0.649923794	27.00205245	997	5.7521E-121
page	paragraph	N	3.03	0.50177693	153	168	0.647480724	26.82704372	997	8.836E-120
steeple	chapel	N	7.08	0	273	10.5	0.646172389	26.73390862	997	3.777E-119
muscle	bone	N	3.65	0.79541945	164	330	0.662245953	27.90737381	997	4.0261E-127
muscle	tongue	N	5	0.31730637	216.5	78	0.662068245	27.89403936	997	4.9629E-127
boy	soldier	N	2.15	0.5543641	117	202	0.66626552	28.21124645	997	3.4136E-129
belly	abdomen	N	8.13	0.72328633	302	300	0.666335311	28.21656119	997	3.1402E-129
guy	girl	N	3.33	0.63153446	155.5	253	0.656489003	27.47960172	997	3.2854E-124
bed	chair	N	3.5	0.23450927	157	55	0.654913116	27.3639912	997	2.0067E-123
clothes	jacket	N	5.15	0.6658262	220	275	0.657586729	27.56050649	997	9.2544E-125
gun	knife	N	3.65	0.6081144	160.5	230	0.651793922	27.13699661	997	6.9856E-122
tin	metal	N	5.63	0.6174946	231	235	0.649564862	26.97625025	997	8.6064E-121
bottle	container	N	7.93	0.7347734	289	302	0.644074363	26.58540175	997	3.8228E-118
hen	turkey	N	6.13	0.6998475	246	282	0.63278491	25.8035194	997	7.2203E-113
meat	bread	N	1.67	0.8645886	106.5	324	0.624064671	25.21848232	997	6.1127E-109
arm	bone	N	3.83	0.44483545	168	139	0.630716568	25.6633097	997	6.332E-112
neck	spine	N	5.32	0.7902759	221	317	0.629414399	25.57550442	997	2.4635E-111
apple	lemon	N	4.05	0.58257544	175	213	0.621432632	25.04497439	997	8.8589E-108
agony	grief	N	7.63	0.55752736	275	201	0.617708809	24.80184867	997	3.7271E-106
assignment	task	N	8.7	0.5818987	305	211	0.61205129	24.43761471	997	9.9386E-104
night	dawn	N	2.95	0.5940895	145	214	0.605312976	24.01160999	997	6.6576E-101
dinner	soup	N	3.72	0.23775019	160.5	56	0.602887393	23.86027464	997	6.6697E-100
calf	bull	N	4.93	0.62034893	204.5	234	0.606023588	24.05614528	997	3.3766E-101
snow	storm	N	4.8	0.57412326	194	206	0.599389627	23.64387033	997	1.7874E-98
nail	hand	N	3.42	0.38543323	154	108	0.59408174	23.31949792	997	2.43225E-96
dog	horse	N	2.38	0.8149633	123.5	311	0.593697515	23.29620197	997	3.45882E-96
arm	neck	N	1.58	0.7424352	101.5	294	0.596604432	23.47306643	997	2.38148E-97
ball	glove	N	1.75	0.5564859	108	198	0.602365655	23.82785906	997	1.0921E-99
flu	fever	N	6.08	0.7156578	232.5	281	0.602465842	23.83407992	997	9.9349E-100
fee	salary	N	3.72	0.72468317	156	283	0.591082322	23.13829118	997	3.75237E-95
nerve	brain	N	3.88	0.78236175	162	302	0.588169283	22.96371538	997	5.20599E-94
beast	animal	N	7.83	0.42906642	269	131	0.585030608	22.77714615	997	8.59512E-93
dinner	chicken	N	2.85	0.19615981	139.5	46	0.585073489	22.77968455	997	8.27378E-93
girl	maid	N	2.93	0.66502243	140	260	0.587981318	22.95249799	997	6.1632E-94
child	boy	N	5.75	0.71881306	218.5	278	0.586298102	22.85229958	997	2.78029E-93
alcohol	wine	N	7.42	0.6001068	253.5	214	0.574368507	22.15481482	997	9.40325E-89
nose	mouth	N	3.73	0.74357057	155.5	287	0.562863013	21.50210886	997	1.47426E-84
street	car	N	2.38	0.4641525	121	143	0.558959399	21.28487749	997	3.58814E-83
bell	door	N	2.2	0.6101788	114	218	0.557058718	21.17985488	997	1.67193E-82
box	hat	N	1.3	0.4037626	94	116	0.556841441	21.16788	997	1.99227E-82
belief	impression	N	5.95	0.4832649	221	148	0.55625312	21.13548731	997	3.20034E-82
bias	opinion	N	5.6	0.4640164	210	141	0.551215345	20.85997737	997	1.783E-80
attention	awareness	N	8.73	0.5297494	284.5	178	0.546830525	20.62284786	997	5.58154E-79
anger	mood	N	4.1	0.3804181	162.5	105	0.5370023	20.10004589	997	1.04649E-75
elegance	style	N	5.72	0.3431639	210	84	0.535680285	20.03061463	997	2.83005E-75
beauty	age	N	1.58	0.102299005	100	24	0.538708991	20.18998805	997	2.87817E-76
book	theme	N	2.58	0.51975465	125	168	0.541273989	20.32582248	997	4.07832E-77
friend	mother	N	2.53	0.59504384	122.5	200	0.538181944	20.16217562	997	4.29127E-76
vitamin	iron	N	5.55	0.48663783	205	146	0.535373402	20.01452693	997	3.56299E-75
car	factory	N	2.75	0.70487654	131.5	257	0.529660343	19.71704073	997	2.48411E-73
pact	condition	N	2.45	0.23568429	120	53	0.526656923	19.56215231	997	2.23973E-72
chapter	choice	N	0.48	0.09368148	33	19	0.52830394	19.64696348	997	6.72461E-73
arithmetic	rhythm	N	2.35	0.30409977	115.5	68	0.527782512	19.62008004	997	9.84929E-73
winner	presence	N	1.08	-0.23593286	84	1	0.528231394	19.64322136	997	7.09158E-73
belief	flower	N	0.4	0.12443211	17.5	26	0.531362362	19.80527154	997	7.07439E-74
winner	goal	N	3.23	0.5004747	135	146	0.530585167	19.76494133	997	1.25649E-73
trick	size	N	0.48	0.1317657	31.5	27	0.526825728	19.57083066	997	1.98049E-72
choice	vein	N	0.98	0.16100034	74.5	32	0.526327197	19.54521018	997	2.84746E-72
hymn	conquest	N	0.68	0.046267007	51.5	12	0.52720401	19.59028994	997	1.50296E-72
endurance	band	N	0.4	0.008130835	17	10	0.527564649	19.60885667	997	1.15496E-72
jail	choice	N	1.08	0.08968294	78.5	14	0.526381597	19.54800455	997	2.73693E-72
condition	boy	N	0.48	0.27136487	30	49	0.528349507	19.64931426	997	6.50383E-73
flower	endurance	N	0.4	0.20791946	16.5	39	0.528255627	19.64447132	997	6.96683E-73
hole	agreement	N	0.3	-0.003390671	5.5	7	0.527863944	19.6242764	997	9.27984E-73
doctor	temper	N	0.48	0.43469262	27.5	114	0.526188241	19.53807393	997	3.15038E-72
fraternity	door	N	0.68	0.11444306	46	18	0.529580911	19.71293119	997	2.63362E-73
task	woman	N	0.68	0.15733217	45.5	26	0.529548142	19.71123602	997	2.69787E-73
fraternity	baseball	N	0.88	0.3369398	58	66	0.529421166	19.70466867	997	2.96194E-73
cent	size	N	0.4	0.29743108	15	53	0.529440027	19.70564406	997	2.92115E-73
presence	door	N	0.48	0.0192015	26	9	0.529672942	19.71769266	997	2.46119E-73
mouse	management	N	0.48	0.15120892	25.5	23	0.528775244	19.67128922	997	4.76005E-73
task	highway	N	0.48	0.16427164	25	25	0.528017852	19.63220975	997	8.29157E-73
liquor	century	N	0.4	-0.027647447	14.5	6	0.52727658	19.59402488	997	1.42542E-72
task	straw	N	0.68	0.16932042	40	25	0.525823242	19.51933929	997	4.10763E-72
island	task	N	0.3	0.085187376	5	10	0.525484349	19.50195798	997	5.25355E-72
night	chapter	N	0.48	0.09470832	22.5	12	0.523776171	19.4145427	997	1.8082E-71
pollution	president	N	0.68	-0.15430816	37.5	1	0.522694437	19.35935256	997	3.94095E-71
gun	trick	N	0.48	0.35800722	22	65	0.522354973	19.34205959	997	5.02957E-71
bath	trick	N	0.58	0.41386107	29	91	0.52298461	19.37414453	997	3.19859E-71
diet	apple	N	1.18	0.426675	64.5	98	0.52477467	19.46560109	997	8.78701E-72
cent	wife	N	0.58	0.27402177	28.5	37	0.525057151	19.48006587	997	7.16122E-72
chapter	tail	N	0.3	-0.0835712	4.5	2	0.524584248	19.45585526	997	1.00854E-71
course	stomach	N	0.58	0.09811661	27	11	0.522522729	19.35060386	997	4.45859E-71
hymn	straw	N	0.4	0.13031408	12	14	0.521559545	19.30158854	997	8.89759E-71
dentist	colonel	N	0.4	0.2741422	11.5	34	0.52008315	19.2266531	997	2.55486E-70
wife	straw	N	0.4	0.1556958	11	16	0.519333563	19.18869788	997	4.356E-70
hole	wife	N	0.68	0.09113639	29	8	0.51785637	19.11407765	997	1.24177E-69
pupil	president	N	0.78	0.1645323	34.5	16	0.516906011	19.06619406	997	2.42971E-69
bath	wife	N	0.48	0.38471046	17.5	69	0.516234425	19.03241437	997	3.89945E-69
people	cent	N	0.48	0.2938138	17	36	0.517236223	19.08282079	997	1.92473E-69
formula	log	N	1.77	0.35933858	71	56	0.516553464	19.04845553	997	3.11503E-69
woman	fur	N	0.58	0.19594233	21.5	19	0.516678683	19.05475443	997	2.852E-69
apple	sunshine	N	0.58	0.23207916	21	25	0.515531819	18.99712568	997	6.38923E-69
gun	dawn	N	1.18	-0.07410209	52	2	0.514509192	18.94585698	997	1.3082E-68
meal	waist	N	0.98	0.4059762	42	73	0.515007595	18.97083028	997	9.22833E-69
camera	president	N	0.48	-0.12262564	16.5	1	0.515428787	18.99195522	997	6.86837E-69
liquor	band	N	0.68	0.07283763	23.5	4	0.513665243	18.90362903	997	2.35898E-68
stomach	vein	N	2.35	0.24337456	72	22	0.512291921	18.83507245	997	6.13551E-68
gun	fur	N	0.3	0.19342382	4	15	0.513452851	18.8930135	997	2.73559E-68
couch	baseball	N	0.88	0.09619301	31.5	6	0.511558238	18.79852722	997	1.02059E-67
worker	camera	N	0.68	0.072909966	22	4	0.510604651	18.75111155	997	1.97372E-67
deck	mouse	N	0.48	0.51043135	15	105	0.509086356	18.67580966	997	5.61665E-67
rice	boy	N	0.4	0.12280474	9.5	7	0.513060952	18.87343842	997	3.59437E-68
people	gun	N	0.68	-0.002838873	19.5	2	0.510977238	18.76962671	997	1.52573E-67
cliff	tail	N	0.3	0.6285874	3.5	167	0.509237913	18.68331575	997	5.06107E-67
ankle	window	N	0.3	0.53082466	3	119	0.52276198	19.36279483	997	3.75414E-71
princess	island	N	0.3	0.28559393	2.5	21	0.529768778	19.72265197	997	2.29357E-73
container	mouse	N	0.3	0.35643676	2	42	0.528069328	19.63486369	997	7.985E-73
wagon	container	N	2.65	0.54012376	72	121	0.527643179	19.61290161	997	1.09054E-72
people	balloon	N	0.48	-0.041071147	9.5	1	0.528342674	19.64896174	997	6.53647E-73
dollar	people	N	0.4	0.11718511	5	3	0.526012197	19.52903611	997	3.5806E-72
bath	balloon	N	0.4	0.48118532	4.5	85	0.523487737	19.39981414	997	2.22631E-71
stomach	bedroom	N	0.4	0.42031875	4	68	0.526665993	19.56261853	997	2.22497E-72
bicycle	bedroom	N	0.4	0.34867957	3.5	38	0.528280236	19.64574072	997	6.84238E-73
log	bath	N	0.4	0.3907295	3	53	0.52754547	19.60786891	997	1.17126E-72
bowl	tail	N	0.48	0.72514164	4	200	0.527937526	19.62806893	997	8.79353E-73
go	come	V	2.42	0.63721305	55.5	165	0.548927964	20.73597079	997	1.08171E-79
take	steal	V	6.18	0.48602292	149	84	0.554934379	21.06304487	997	9.22834E-82
listen	hear	V	8.17	0.7605461	193.5	209	0.555350258	21.08586549	997	6.61155E-82
think	rationalize	V	8.25	0.5150527	196	98	0.543305962	20.43399874	997	8.56997E-78
occur	happen	V	9.32	0.7116264	217	193	0.543692861	20.45465366	997	6.35993E-78
vanish	disappear	V	9.8	0.43171668	217	68	0.529692685	19.71871421	997	2.42569E-73
multiply	divide	V	1.75	0.4894379	45.5	87	0.538045929	20.15500348	997	4.75667E-76
plead	beg	V	9.08	0.63494647	212.5	158	0.539181526	20.21495228	997	2.0106E-76
begin	originate	V	8.2	0.13237518	194	4	0.529624581	19.71519042	997	2.55035E-73
protect	defend	V	9.13	0.8025165	212	211	0.551460457	20.8733056	997	1.46856E-80
kill	destroy	V	5.9	0.79035974	143	210	0.534193009	19.95275079	997	8.62135E-75
create	make	V	8.72	0.65107995	203	166	0.526491323	19.55364187	997	2.52681E-72
accept	reject	V	0.83	0.760239	13.5	201	0.514239342	18.93234661	997	1.57988E-68
ignore	avoid	V	6.87	0.66306216	158	172	0.537585292	20.13073027	997	6.73899E-76
carry	bring	V	5.8	0.6768691	139.5	175	0.528200424	19.64162402	997	7.25425E-73
leave	enter	V	0.95	0.7627024	18	199	0.520695922	19.25772599	997	1.6501E-70
choose	elect	V	7.62	0.65765506	170.5	169	0.544220436	20.48284854	997	4.23211E-78
lose	fail	V	7.33	0.63725615	165	159	0.532948598	19.88780106	997	2.18025E-74
encourage	discourage	V	1.58	0.77284133	37.5	198	0.522620438	19.35558181	997	4.15626E-71
achieve	accomplish	V	8.57	0.73211294	194.5	191	0.541475818	20.33654464	997	3.49458E-77
make	construct	V	8.33	0.5485876	189.5	114	0.523096542	19.37985293	997	2.95101E-71
listen	obey	V	4.93	0.45105568	115	73	0.517453501	19.09376742	997	1.65094E-69
inform	notify	V	9.25	0.55254173	200	114	0.517178778	19.07992749	997	2.00438E-69
receive	give	V	1.47	0.62112164	36	144	0.511504221	18.79583879	997	1.0595E-67
borrow	beg	V	2.62	0.29343635	55	20	0.521366344	19.29176896	997	1.02176E-70
take	obtain	V	7.1	0.5262823	155	100	0.521927228	19.32028751	997	6.83654E-71
advise	recommend	V	8.1	0.6390698	177	154	0.518394809	19.14124967	997	8.48143E-70
imitate	portray	V	6.75	0.6190486	150.5	139	0.504404165	18.44506356	997	1.36707E-65
win	succeed	V	7.9	0.54642135	171	110	0.49448912	17.96357152	997	1.00298E-62
think	decide	V	5.13	0.41337714	118.5	59	0.488073231	17.6569829	997	6.39651E-61
greet	meet	V	6.17	0.26860574	138	16	0.489646301	17.73180077	997	2.32818E-61
agree	argue	V	0.77	0.6482207	10	153	0.503000812	18.37633155	997	3.52465E-65
enjoy	entertain	V	5.92	0.5648583	134	111	0.522954537	19.37261106	997	3.26856E-71
destroy	make	V	1.6	0.521994	36.5	96	0.517366769	19.0893972	997	1.75524E-69
save	protect	V	6.58	0.6017774	142	125	0.521055035	19.27595509	997	1.27663E-70
give	lend	V	7.22	0.73077464	150	174	0.512877135	18.86426242	997	4.08493E-68
understand	know	V	7.47	0.6906528	153.5	162	0.497379877	18.10297109	997	1.49816E-63
take	receive	V	5.08	0.52903986	114.5	97	0.481304495	17.33760419	997	4.66349E-59
accept	acknowledge	V	6.88	0.71457434	144	168	0.477117972	17.14209535	997	6.31125E-58
decide	choose	V	8.87	0.78887427	182	181	0.4607138	16.39028786	997	1.21646E-53
accept	believe	V	6.75	0.5296845	143	98	0.431224297	15.09129242	997	1.67607E-46
keep	possess	V	8.27	0.36809996	169	40	0.42406671	14.7853123	997	7.13663E-45
roam	wander	V	8.83	0.37432554	179	41	0.437396116	15.3579378	997	6.13363E-48
succeed	fail	V	0.83	0.6305641	12	136	0.453559533	16.06919198	997	7.62188E-52
spend	save	V	0.55	0.56035805	5	104	0.472242501	16.91631515	997	1.25337E-56
leave	go	V	7.63	0.6830298	151.5	153	0.485341857	17.52760963	997	3.65302E-60
come	attend	V	8.1	0.16255409	160.5	5	0.465328224	16.59953365	997	8.00238E-55
know	believe	V	5.5	0.61752146	123	125	0.495784904	18.02595916	997	4.28681E-63
gather	meet	V	7.3	0.58492243	144.5	110	0.484739369	17.49916312	997	5.35363E-60
make	earn	V	7.62	0.52921957	148	94	0.473747777	16.98580801	997	5.00696E-57
forget	ignore	V	3.07	0.5165438	62	90	0.466787696	16.66607258	997	3.35449E-55
multiply	add	V	2.7	0.41897792	54	58	0.466164306	16.63763032	997	4.86556E-55
shrink	grow	V	0.23	0.57195294	1	103	0.46602718	16.63137817	997	5.27976E-55
arrive	leave	V	1.33	0.53609127	28	94	0.481932147	17.36704757	997	3.1458E-59
succeed	try	V	3.98	0.5930589	73	106	0.488436281	17.67423006	997	5.06811E-61
accept	deny	V	1.75	0.7803504	35	163	0.486367376	17.57610475	997	1.90258E-60
arrive	come	V	7.05	0.3770995	135	43	0.507204786	18.58281695	997	2.03783E-66
agree	differ	V	1.05	0.4869603	19	75	0.516547683	19.04816476	997	3.12774E-69
send	receive	V	1.08	0.6140924	21	115	0.522201633	19.33425235	997	5.61488E-71
win	dominate	V	5.68	0.29744387	115	18	0.536953013	20.09745365	997	1.08612E-75
add	divide	V	2.3	0.49392402	39	75	0.551412975	20.87072314	997	1.52482E-80
kill	choke	V	4.92	0.19976786	98.5	7	0.553759931	20.99872212	997	2.36046E-81
acquire	get	V	8.82	0.6465121	158.5	128	0.567636091	21.77059182	997	2.80677E-86
participate	join	V	7.7	0.62344635	138	116	0.549738303	20.77982527	997	5.72045E-80
leave	remain	V	2.53	0.540401	42	90	0.535814374	20.03764746	997	2.55893E-75
go	enter	V	4	0.7362859	68.5	149	0.539423768	20.22776048	997	1.6725E-76
take	carry	V	5.23	0.62730205	105	116	0.542885747	20.41158611	997	1.18432E-77
forget	learn	V	1.18	0.5161316	23.5	82	0.532746941	19.87729294	997	2.53305E-74
appoint	elect	V	8.17	0.83414155	142	154	0.54013415	20.26536172	997	9.73876E-77
engage	marry	V	5.43	0.4536112	107	63	0.512754697	18.85815237	997	4.44811E-68
ask	pray	V	3.72	0.706519	59.5	137	0.511422841	18.79178905	997	1.12092E-67
go	send	V	3.75	0.6352841	61	118	0.51707414	19.07465816	997	2.15799E-69
take	deliver	V	4.37	0.5648555	72	91	0.51926728	19.18534456	997	4.56615E-70
speak	hear	V	3.02	0.5947523	52	97	0.5161369	19.02751302	997	4.17637E-69
analyze	evaluate	V	8.03	0.7598189	133	144	0.518821288	19.16279377	997	6.26779E-70
argue	rationalize	V	4.2	0.35236368	69	32	0.490828955	17.78819966	997	1.08521E-61
lose	keep	V	1.05	0.69046146	18.5	129	0.492969792	17.89062279	997	2.7047E-62
compare	analyze	V	8.1	0.4502712	132	61	0.523033366	19.37663087	997	3.0883E-71
disorganize	organize	V	1.45	0	26	1	0.523075985	19.37880441	997	2.995E-71
go	allow	V	3.62	0.39414847	54	45	0.521959541	19.3219315	997	6.67995E-71
take	possess	V	7.2	0.33584753	118	26	0.521730885	19.3103004	997	7.86978E-71
learn	listen	V	3.88	0.71064395	58.5	129	0.538011481	20.15318734	997	4.88231E-76
destroy	construct	V	0.92	0.41722614	12.5	50	0.544993764	20.52423944	997	2.32644E-78
create	build	V	8.48	0.7299097	133.5	131	0.549566255	20.77050722	997	6.54994E-80
steal	buy	V	1.13	0.6040933	19	96	0.520153272	19.23020687	997	2.43031E-70
kill	hang	V	4.45	0.56764096	66	86	0.539494757	20.23151523	997	1.58461E-76
forget	know	V	0.92	0.63109595	12	105	0.536961267	20.09788778	997	1.07938E-75
create	imagine	V	5.13	0.42381948	87	50	0.56708201	21.73926064	997	4.46024E-86
do	happen	V	4.23	0.32408768	62	22	0.56641229	21.7014486	997	7.79801E-86
win	accomplish	V	7.85	0.31841072	119	20	0.570005578	21.90507154	997	3.83414E-87
give	deny	V	1.43	0.61161375	22	94	0.59365703	23.2937488	997	3.58945E-96
deserve	earn	V	5.8	0.3247397	95	21	0.613573847	24.53503828	997	2.2351E-104
get	put	V	1.98	0.44153944	29	49	0.627757345	25.4642847	997	1.375E-110
locate	find	V	8.73	0.70416814	126	116	0.630026524	25.61673536	997	1.3018E-111
appear	attend	V	6.28	0.17740466	99	4	0.606414145	24.08066088	997	2.3234E-101
know	comprehend	V	7.63	0.48740804	111	60	0.635359707	25.97934958	997	4.727E-114
pretend	imagine	V	8.47	0.63692266	121	99	0.634323491	25.90841419	997	1.4204E-113
satisfy	please	V	7.67	0.44539657	111	50	0.614966771	24.6245514	997	5.6667E-105
cherish	keep	V	4.85	0.20940606	75.5	6	0.619648434	24.92814451	997	5.3483E-107
argue	differ	V	5.15	0.32491216	83.5	19	0.638057991	26.1651723	997	2.6404E-115
overcome	dominate	V	6.25	0.34801567	96	23	0.653382815	27.25232328	997	1.1512E-122
behave	obey	V	7.3	0.50970083	104	58	0.673229737	28.74827685	997	7.3477E-133
cooperate	participate	V	6.43	0.57702065	98	74	0.674460729	28.84463646	997	1.6124E-133
achieve	try	V	4.42	0.5237654	60.5	66	0.66706361	28.27210268	997	1.3123E-129
fail	discourage	V	3.33	0.6338772	46	91	0.664064797	28.04433608	997	4.6931E-128
begin	quit	V	1.28	0.37627786	20	30	0.670175476	28.51107466	997	3.067E-131
say	participate	V	3.82	0.23097534	50	8	0.670567442	28.54136743	997	1.9047E-131
come	bring	V	2.42	0.5133912	31	59	0.678508454	29.16461833	997	1.0443E-135
declare	announce	V	9.08	0.66424567	114	96	0.682580308	29.49147544	997	6.043E-138
read	comprehend	V	4.7	0.19983946	60	5	0.663240607	27.98216339	997	1.2452E-127
take	leave	V	2.47	0.53853804	31	64	0.678545396	29.16756109	997	9.9698E-136
proclaim	announce	V	8.18	0.5516671	104	66	0.684240277	29.62619135	997	7.2199E-139
acquire	obtain	V	8.57	0.7710307	108	107	0.680365578	29.31306643	997	1.0065E-136
conclude	decide	V	7.75	0.5658054	99.5	66	0.653990165	27.29657222	997	5.7621E-123
please	plead	V	2.98	0.460917	40	45	0.647414345	26.8223087	997	9.5135E-120
argue	prove	V	4.83	0.61756814	65.5	76	0.646979894	26.79134359	997	1.5422E-119
ask	plead	V	6.47	0.64203554	89	83	0.63908216	26.23612776	997	8.7664E-116
find	disappear	V	0.77	0.48002014	7.5	47	0.621300997	25.03633324	997	1.012E-107
inspect	examine	V	8.75	0.50562346	103	52	0.632567795	25.78875847	997	9.0756E-113
verify	justify	V	4.08	0.67393494	49	87	0.637778863	26.14587471	997	3.5634E-115
assume	predict	V	4.85	0.6629634	64	86	0.638509167	26.19640126	997	1.6254E-115
learn	evaluate	V	4.17	0.5161673	51	56	0.628152281	25.49074032	997	9.1356E-111
argue	justify	V	5	0.5348936	67	59	0.624290521	25.23343582	997	4.8537E-109
make	become	V	4.77	0.39954698	56	35	0.616314009	24.71148123	997	1.493E-105
discover	originate	V	4.83	0.14172846	61	3	0.617394271	24.78143718	997	5.0998E-106
achieve	succeed	V	7.5	0.6202945	88	71	0.643367494	26.53559837	997	8.304E-118
give	put	V	3.65	0.48618883	43	47	0.626916628	25.40807557	997	3.2768E-110
understand	listen	V	4.68	0.59820604	52.5	63	0.624763515	25.26478637	997	2.9927E-109
expand	grow	V	8.27	0.6292925	90.5	71	0.61830189	24.84038813	997	2.0615E-106
borrow	sell	V	1.73	0.44287604	23	40	0.597850136	23.5492959	997	7.50261E-98
keep	protect	V	5.4	0.63184345	68	70	0.600500593	23.71237369	997	6.3173E-99
explain	prove	V	4.1	0.7822648	47	89	0.583337422	22.67714778	997	3.8519E-92
assume	pretend	V	3.72	0.4866468	42	46	0.58157972	22.57381316	997	1.81084E-91
agree	please	V	4.13	0.3784693	46	27	0.578318859	22.38336992	997	3.11996E-90
forgive	forget	V	3.92	0.6792208	44	75	0.580405056	22.50502178	997	5.06794E-91
clarify	explain	V	8.33	0.7095128	85	78	0.577757842	22.35076836	997	5.07506E-90
understand	forgive	V	4.87	0.43927836	54	38	0.539100456	20.21066744	997	2.13832E-76
remind	forget	V	0.87	0.71982217	9	78	0.535517672	20.02208862	997	3.19747E-75
get	remain	V	1.6	0.38908455	20	28	0.589200364	23.02534956	997	2.05848E-94
realize	discover	V	7.47	0.7860672	76	82	0.590527047	23.10490744	997	6.20763E-95
require	inquire	V	1.82	0.120652504	23	2	0.548644574	20.72065386	997	1.35112E-79
ignore	ask	V	1.07	0.64301777	15	66	0.551312482	20.86525835	997	1.65108E-80
think	inquire	V	4.77	0.3926063	44.5	29	0.586961362	22.89172799	997	1.5372E-93
reject	avoid	V	4.78	0.39209703	45.5	27	0.586494133	22.8639456	997	2.33393E-93
argue	persuade	V	6.23	0.26084986	64	6	0.587464918	22.92170947	997	9.79366E-94
pursue	persuade	V	3.17	0.67474186	35	67	0.631714396	25.73083672	997	2.2259E-112
accept	forgive	V	3.73	0.51162434	37	41	0.63912453	26.23906823	997	8.3748E-116
do	quit	V	1.17	0.2098545	15	3	0.635979845	26.02191428	997	2.442E-114
investigate	examine	V	8.1	0.8289882	70.5	74	0.634967772	25.95249161	997	7.1702E-114
discuss	explain	V	6.67	0.541376	63.5	45	0.59535379	23.39679983	997	7.55552E-97
owe	lend	V	2.32	0.7254266	23	68	0.579524178	22.45357433	997	1.09348E-90
explore	discover	V	8.48	0.7061589	70	66	0.61376869	24.54753729	997	1.8455E-104
complain	argue	V	4.8	0.45956752	42.5	33	0.565763589	21.6648836	997	1.33803E-85
withdraw	reject	V	6.38	0.2928461	59.5	7	0.55895053	21.28438627	997	3.61409E-83
keep	borrow	V	2.25	0.36100605	22	18	0.611180472	24.38208944	997	2.3248E-103
beg	ask	V	6	0.5883466	56	45	0.611282383	24.38858017	997	2.105E-103
arrange	organize	V	8.27	0.6620663	65	59	0.589718406	23.0563812	997	1.28986E-94
reduce	shrink	V	8.02	0.4451903	63	30	0.536414587	20.06915405	997	1.62948E-75
speak	acknowledge	V	4.67	0.42536038	37	29	0.537801864	20.14213932	997	5.72128E-76
give	borrow	V	2.22	0.3724519	21	19	0.531558752	19.81547363	997	6.11713E-74
kill	defend	V	2.63	0.6555595	24.5	55	0.531469295	19.81082594	997	6.53603E-74
disappear	shrink	V	5.8	0.6534341	51.5	54	0.545346278	20.54313178	997	1.77015E-78
deliver	carry	V	3.88	0.735622	32	58	0.494157355	17.94762365	997	1.2461E-62
breathe	choke	V	1.37	0.46670502	16	28	0.486989663	17.60557808	997	1.27926E-60
acknowledge	notify	V	5.3	0.39219368	44	22	0.493920943	17.93626573	997	1.45432E-62
become	seem	V	2.63	0.22278917	23	3	0.492993636	17.89176596	997	2.66302E-62
pretend	seem	V	4.68	0.3949183	32	21	0.505958499	18.52141899	997	4.76396E-66
accomplish	become	V	4	0.3251533	30	11	0.503509215	18.40120905	997	2.5022E-65
contemplate	think	V	8.82	0.347027	54	13	0.515000547	18.97047698	997	9.27402E-69
determine	predict	V	5.8	0.75792915	45	53	0.567741396	21.77655137	997	2.57E-86
please	entertain	V	5	0.30449015	36.5	7	0.505979772	18.52246567	997	4.69554E-66
remain	retain	V	5.75	0.59804326	43	36	0.547999845	20.68584502	997	2.23913E-79
pretend	portray	V	7.03	0.4685275	46	22	0.507581225	18.60139295	997	1.5757E-66
forget	retain	V	0.63	0.3236799	4.5	9	0.514388153	18.93979605	997	1.42378E-68
want	choose	V	4.78	0.60126895	31	35	0.51077409	18.75952982	997	1.75573E-67
lose	get	V	0.77	0.6381686	6	41	0.479454634	17.25102804	997	1.48105E-58
try	think	V	2.62	0.41418883	19.5	19	0.559349633	21.30650016	997	2.61284E-83
become	appear	V	4.77	0.25425598	28	3	0.556693846	21.15974916	997	2.24403E-82
leave	ignore	V	4.42	0.48159602	27	19	0.606327495	24.07521936	997	2.5244E-101
accept	recommend	V	2.75	0.5101432	20	21	0.604871493	23.98398718	997	1.0142E-100
leave	wander	V	3.57	0.30511922	25	6	0.600587508	23.71774199	997	5.8227E-99
keep	give	V	1.05	0.7121727	12	39	0.63389689	25.87927876	997	2.2316E-113
give	allow	V	5.15	0.5196431	29	23	0.688394137	29.9671205	997	3.3287E-141
bring	send	V	2.97	0.74338573	20.5	39	0.67853868	29.16702607	997	1.0054E-135
absorb	learn	V	5.48	0.36041903	30	10	0.694988994	30.51998457	997	5.3829E-145
acquire	find	V	6.38	0.62308526	32	32	0.735665487	34.29398966	997	7.1278E-171
leave	appear	V	0.97	0.3037457	8.5	5	0.700258886	30.97244732	997	4.2322E-148
create	destroy	V	0.63	0.60588884	4	27	0.700642396	31.00575741	997	2.5002E-148
begin	go	V	7.42	0.5969657	32	25	0.777943952	39.09358979	997	2.0278E-203
get	buy	V	5.08	0.73209834	25	33	0.757018874	36.58304094	997	1.7865E-186
collect	save	V	6.67	0.69738567	29	32	0.740275681	34.76768133	997	4.1245E-174
replace	restore	V	5.73	0.5790325	27	23	0.690670634	30.1563302	997	1.6792E-142
join	add	V	8.1	0.3858666	30	12	0.641983466	26.43841957	997	3.7702E-117
join	marry	V	5.35	0.60962313	26	24	0.685521218	29.73073829	997	1.3876E-139
accept	deliver	V	1.58	0.5181108	11	19	0.604832611	23.98155608	997	1.0524E-100
attach	join	V	7.75	0.41206113	27	13	0.614214407	24.57615661	997	1.1901E-104
put	hang	V	3	0.37555587	18	11	0.634084033	25.89205512	997	1.8306E-113
go	sell	V	0.97	0.50409174	7	14	0.644923061	26.64535176	997	1.5021E-118
communicate	pray	V	3.55	0.36193818	17	9	0.658833362	27.65276118	997	2.181E-125
give	steal	V	0.5	0.5129165	3	13	0.696643578	30.66099972	997	5.8023E-146
add	build	V	4.92	0.5142093	18	13	0.748432374	35.63266862	997	5.186E-180
bring	restore	V	2.62	0.68372744	13	21	0.755317893	36.39136587	997	3.5776E-185
comprehend	satisfy	V	2.55	0.6259782	12	19	0.712449917	32.05798574	997	1.5014E-155
portray	decide	V	1.18	0.342939	8	6	0.665663466	28.16545384	997	7.0077E-129
organize	become	V	1.77	0.18454666	9.5	2	0.670452983	28.53251706	997	2.1892E-131
give	know	V	0.88	0.40936533	5	8	0.774503197	38.66003177	997	1.6536E-200
say	verify	V	4.9	0.5428905	12	11	0.779231539	39.25810679	997	1.5997E-204
cooperate	join	V	5.18	0.6520675	13	15	0.743485601	35.10387707	997	2.0899E-176
arrange	require	V	0.98	0.41534534	5.5	8	0.555672858	21.10358337	997	5.10298E-82
borrow	want	V	1.77	0.27729437	7	2	0.530415949	19.75616947	997	1.42361E-73
investigate	pursue	V	7.15	0.59876066	12	10	0.65713999	27.52754365	997	1.5508E-124
ignore	explore	V	0.4	0.61366165	1.5	10	0.417818457	14.52097145	997	1.75378E-43
bring	complain	V	0.98	0.3746056	4	6	0.801531331	42.32541191	997	6.8424E-225
enter	owe	V	0.68	0.34340236	2	4	0.733332471	34.05826258	997	2.921E-169
portray	notify	V	0.78	0.09469059	2	1	0.752287312	36.05408946	997	7.0181E-183
remind	sell	V	0.4	0.291294	1	1	0.825722824	46.22151633	997	3.7078E-250
absorb	possess	V	5	0.61992097	5	6	0.824484858	46.00476711	997	9.0228E-249
join	acquire	V	2.85	0.48312104	2	3	0.320256308	10.67440196	997	2.92062E-25
send	attend	V	1.67	0.5794119	1	4	0.25819889	8.438855711	997	1.1168E-16
gather	attend	V	4.8	0.5338133	2	3	0.866025404	54.69003566	997	2.1772E-302
absorb	withdraw	V	2.97	0.35714296	1	2	#DIV/0!	#DIV/0!	997	#DIV/0!
attend	arrive	V	6.08	0.31258604	1	1	#DIV/0!	#DIV/0!	997	#DIV/0!
